listing_id,url,title,price,area_sqm,rooms,bathrooms,livings,age_years,district,city,direction,description,latitude,longitude,images,images_count,advertiser_name,advertiser_company,advertiser_type,created_at,published_at,last_update,views,date_scraped,published,price_text,price_was_missing,property_type
6835121,https://sa.aqar.fm/فلل-للبيع/الرياض/جنوب-الرياض/حي-الشفا/شارع-شقراء-حي-الشفاء-مدينة-الرياض-منطقة-الرياض-6835121,"فيلا للبيع في شارع شقراء, حي الشفاء, مدينة الرياض, منطقة الرياض",1500000,512,4,0,0,11,حي الشفا,الرياض,جنوب الرياض,"فيلا للبيع 
مساحة 512 
شارعين 
عرض شارع 30م
عمار 32 سنه
عرض شارع 15م
الطول 20 م
الطول 28 م",24.561512,46.687795,https://images.aqar.fm/webp/750x0/props/033115542_1787396711737.jpg | https://images.aqar.fm/webp/750x0/props/033115549_1787396727347.jpg | https://images.aqar.fm/webp/750x0/props/033115541_1787396727504.jpg,3,فيصل راشد,,,2026-08-22,2026-08-22,2026-08-23,91,2026-08-23,True,"1,500,000",False,فيلا
6822173,https://sa.aqar.fm/فلل-للبيع/الرياض/جنوب-الرياض/حي-الشفا/شارع-البليدة-حي-الشفاء-مدينة-الرياض-منطقة-الرياض-6822173,"فيلا للبيع في شارع البليدة, حي الشفاء, مدينة الرياض, منطقة الرياض",820000,223,,1,0,1,حي الشفا,الرياض,جنوب الرياض,"فيلا للبيع
 الحي : الشفا
المساحة: 223 متر مربع

التفاصيل:

الدور الأرضي:

	•	مجلس رجال.
	•	صالة عائلية.
	•	مطبخ.
	•	مخزن.
	•	دورتا مياه.

الدور الأول:

	•	أربع غرف نوم (غرفتان ماستر مع حمام خاص).
	•	حمام إضافي يخدم باقي الغرف.

الدور الثاني:

	•	صالة واسعة.
	•	دورة مياه.
	•	سطح بإطلالة مميزة.

مميزات الموقع:

	•	قربها من طريق الملك فهد.
	•	قربها من وادي حنيفة.

للمزيد من المعلومات أو لتحديد موعد للزيارة، يرجى التواصل:",24.57819,46.713502,https://images.aqar.fm/webp/750x0/props/053185964_1786714573802.jpg | https://images.aqar.fm/webp/750x0/props/053185964_1786714573802.jpg,2,نوره البقمي,مؤسسة رعد السحاب للخدمات العقارية,1,2026-08-14,2026-08-14,2026-08-20,100,2026-08-23,True,"820,000",False,فيلا
6701396,https://sa.aqar.fm/فلل-للبيع/الرياض/جنوب-الرياض/حي-الشفا/شارع-البليدة-حي-الشفاء-مدينة-الرياض-منطقة-الرياض-6701396,"فيلا للبيع في شارع البليدة, حي الشفاء, مدينة الرياض, منطقة الرياض",850000,223,4,,,1,حي الشفا,الرياض,جنوب الرياض,"فيلا للبيع
 الحي : الشفا
المساحة: 223 متر مربع

التفاصيل:

الدور الأرضي:

	•	مجلس رجال.
	•	صالة عائلية.
	•	مطبخ.
	•	مخزن.
	•	دورتا مياه.

الدور الأول:

	•	أربع غرف نوم (غرفتان ماستر مع حمام خاص).
	•	حمام إضافي يخدم باقي الغرف.

الدور الثاني:

	•	صالة واسعة.
	•	دورة مياه.
	•	سطح بإطلالة مميزة.

مميزات الموقع:

	•	قربها من طريق الملك فهد.
	•	قربها من وادي حنيفة.

السوم وصل 820 الف

البيع 850 الف

مباشر من المالك",24.578191,46.71349,https://images.aqar.fm/webp/750x0/props/030907704_1779047416456.jpg,1,عبدالكريم ابراهيم بن رسلان العنزي,شركة ابداع العالمية للتطوير والاستثمار العقاري ,1,2026-05-17,2026-08-13,2026-08-23,258,2026-08-23,True,"850,000",False,فيلا
6570392,https://sa.aqar.fm/فلل-للبيع/الرياض/جنوب-الرياض/حي-الشفا/شارع-رزين-بن-عماد-حي-الشفاء-مدينة-الرياض-منطقة-الرياض-6570392,"فيلا للبيع في شارع رزين بن عماد, حي الشفاء, مدينة الرياض, منطقة الرياض",700000,211,4,5,2,0,حي الشفا,الرياض,جنوب الرياض,"تاون هاوس علوى مساحة ٢١٢ م 
الدور الاول يتكون من مجلس ومقلط وصالة ودورتين مياه 
والدور الثانى يتكون من ٣ غرف نوم منهم غرفتين ماستر و ٣ دورات مياه وسطح 
مدخل خاص ومدخل سيارة خاص
الخدمات:خزان ارضى خاص -خزان علوى خاص- عداد كهرب خاص",24.576045,46.710422,https://images.aqar.fm/webp/750x0/props/043198548_1769897720450.jpg,1,ورده علي احمد الناشري,مؤسسة الهرم الرابع للعقارات,1,2026-01-31,2026-07-25,2026-07-25,5987,2026-08-23,True,"700,000",False,فيلا
6442756,https://sa.aqar.fm/فلل-للبيع/الرياض/جنوب-الرياض/حي-الشفا/شارع-يوسف-الازدي-حي-الشفاء-مدينة-الرياض-منطقة-الرياض-6442756,"فيلا للبيع في شارع يوسف الازدي, حي الشفاء, مدينة الرياض, منطقة الرياض",900000,191,5,5,1,0,حي الشفا,الرياض,جنوب الرياض,"السلام عليكم ورحمة الله وبركاته
 عملائنا الكرام اسعد الله أوقاتكم بكل خير
 للبيع نقدا او عن طريق البنك والدعم 
تاون هاوس بحي الشفا مساحه ٣١٢.٥م 
بناء شخصي ضمانات متكامله وتامين ملاذ
السعر حد ٩٠٠ الف
مكون من 
مدخل سياره وحوش ومشاب ومجلس رجال ومقلط وصاله ومطبخ به غرفة خادمه وحوش خلفي و٤ غرف نوم و٥ حمام
ولدينا مساحات واسعار مختلفه
 ولدينا حلول تمويليه ميسره
 وسداد المديونيات وتوفير الدفعه الأولى ان وجد
 نتعامل مع جميع البنوك وشركات التمويل 
للتواصل ابواليزيد ((رقم المعلن يظهر عند التواصل))",24.558343,46.70267,https://images.aqar.fm/webp/750x0/props/032622623_1761582325274.jpg | https://images.aqar.fm/webp/750x0/props/032622629_1761582350168.jpg | https://images.aqar.fm/webp/750x0/props/032622628_1761582350840.jpg | https://images.aqar.fm/webp/750x0/props/032622623_1761582351005.jpg | https://images.aqar.fm/webp/750x0/props/032622622_1761582351161.jpg | https://images.aqar.fm/webp/750x0/props/032622625_1761582351178.jpg | https://images.aqar.fm/webp/750x0/props/032622621_1761582351258.jpg | https://images.aqar.fm/webp/750x0/props/032622620_1761582351404.jpg | https://images.aqar.fm/webp/750x0/props/032622620_1761582351573.jpg | https://images.aqar.fm/webp/750x0/props/032622624_1761582351741.jpg | https://images.aqar.fm/webp/750x0/props/032622629_1761582351903.jpg | https://images.aqar.fm/webp/750x0/props/032622622_1761582351907.jpg | https://images.aqar.fm/webp/750x0/props/032622623_1761582352079.jpg | https://images.aqar.fm/webp/750x0/props/032622628_1761582352245.jpg | https://images.aqar.fm/webp/750x0/props/032622625_1761582352415.jpg | https://images.aqar.fm/webp/750x0/props/032622628_1761582352417.jpg | https://images.aqar.fm/webp/750x0/props/032622621_1761582352594.jpg | https://images.aqar.fm/webp/750x0/props/032622629_1761582352754.jpg | https://images.aqar.fm/webp/750x0/props/032622627_1761582352935.jpg | https://images.aqar.fm/webp/750x0/props/032622624_1761582352928.jpg | https://images.aqar.fm/webp/750x0/props/032622626_1761582353144.jpg,21,بتلاء علي سياف الهزري,مؤسسة بدائع الشرق للخدمات العقارية,1,2025-10-27,2026-07-30,2026-08-23,3485,2026-08-23,True,"900,000",False,فيلا
6434636,https://sa.aqar.fm/فلل-للبيع/الرياض/جنوب-الرياض/حي-الشفا/شارع-المبارز-الحلبي-حي-الشفاء-مدينة-الرياض-منطقة-الرياض-6434636,"فيلا للبيع في شارع المبارز الحلبي, حي الشفاء, مدينة الرياض, منطقة الرياض",800000,211,5,4,2,0,حي الشفا,الرياض,جنوب الرياض,"للبيع تاون هاوس حي الشفاء 
السعر 800000
ولدينا سداد المديونيه 
حلول دفعه 
7",24.574824,46.715179,https://images.aqar.fm/webp/750x0/props/040820589_1761075522762.jpg | https://images.aqar.fm/webp/750x0/props/040820586_1761075522784.jpg | https://images.aqar.fm/webp/750x0/props/040820585_1761075537724.jpg,3,فايز مصلح,مؤسسة فايز مصلح المطيري,1,2025-10-21,2025-10-21,2026-08-15,7178,2026-08-23,True,"800,000",False,فيلا
6753788,https://sa.aqar.fm/فلل-للبيع/الرياض/جنوب-الرياض/حي-الشفا/حي-بدر-الرياض-منطقة-الرياض-6753788,"فيلا للبيع في شارع 1633129, حي الشفاء, مدينة الرياض, منطقة الرياض",850000,229,4,5,2,3,حي الشفا,الرياض,جنوب الرياض,فيلا تاون هاوس للبيع ، طابقين ، يوجد ملحق بالسطح ومدخل سيارة خاص,24.570910671947424,46.72077508031748,https://images.aqar.fm/webp/750x0/props/028283300_1782819867630.jpg | https://images.aqar.fm/webp/750x0/props/028283304_1782819867684.jpg | https://images.aqar.fm/webp/750x0/props/028283302_1782819867634.jpg | https://images.aqar.fm/webp/750x0/props/028283308_1782819867664.jpg | https://images.aqar.fm/webp/750x0/props/028283304_1782819867665.jpg | https://images.aqar.fm/webp/750x0/props/028283308_1782819887890.jpg | https://images.aqar.fm/webp/750x0/props/028283304_1782819887867.jpg | https://images.aqar.fm/webp/750x0/props/028283306_1782819887894.jpg | https://images.aqar.fm/webp/750x0/props/028283305_1782819887900.jpg | https://images.aqar.fm/webp/750x0/props/028283309_1782819887939.jpg | https://images.aqar.fm/webp/750x0/props/028283309_1782819887937.jpg | https://images.aqar.fm/webp/750x0/props/028283301_1782819887933.jpg | https://images.aqar.fm/webp/750x0/props/028283308_1782819887938.jpg | https://images.aqar.fm/webp/750x0/props/028283302_1782819901040.jpg | https://images.aqar.fm/webp/750x0/props/028283306_1782819901058.jpg | https://images.aqar.fm/webp/750x0/props/028283305_1782819901072.jpg,16,عبير بنت عبيد بن ذعار الحربي,,,2026-06-30,2026-06-30,2026-08-23,805,2026-08-23,True,"850,000",False,فيلا
6552985,https://sa.aqar.fm/فلل-للبيع/الرياض/جنوب-الرياض/حي-الشفا/شارع-شقراء-حي-الشفاء-مدينة-الرياض-منطقة-الرياض-6552985,"فيلا للبيع في شارع شقراء, حي الشفاء, مدينة الرياض, منطقة الرياض",1350000,225,5,5,0,0,حي الشفا,الرياض,جنوب الرياض,"فيلا للبيع 


✅ لايوجد سعي 


حي الشفاء - شارع شقراء 
على شارعين زاويه 
تشطيب فاخر
و تصميم فاخر 

موقع قريب من الخدمات و طريق ديراب 

للتفاصيل ارجو التواصل واتساب او اتصال 

رقم التواصل",24.557054,46.683186,https://images.aqar.fm/webp/750x0/props/041563342_1769339495791.jpg | https://images.aqar.fm/webp/750x0/props/041563348_1769339495797.jpg | https://images.aqar.fm/webp/750x0/props/041563341_1769339495800.jpg | https://images.aqar.fm/webp/750x0/props/041563348_1769339495794.jpg | https://images.aqar.fm/webp/750x0/props/041563348_1769339495803.jpg | https://images.aqar.fm/webp/750x0/props/041563341_1769339495804.jpg | https://images.aqar.fm/webp/750x0/props/041563348_1769339495801.jpg,7,مشاري عبدالرحمن,,,2026-01-19,2026-01-19,2026-08-15,2301,2026-08-23,True,"1,350,000",False,فيلا
6736070,https://sa.aqar.fm/فلل-للبيع/الرياض/جنوب-الرياض/حي-الشفا/شارع-أبي-نزار-الجمال-حي-الشفاء-مدينة-الرياض-منطقة-الرياض-6736070,"فيلا للبيع في شارع أبي نزار الجمال, حي الشفاء, مدينة الرياض, منطقة الرياض",3200000,1050,7,,,11,حي الشفا,الرياض,جنوب الرياض,"https://goo.gl/maps/8Vob6oXC4abNyMSK8?g_st=ac

للبيع فيلا زاوية  بحي الشفاء
المساحة 1050م
الواجهة شماليه 20م
الواجهة جنوبية 30م 


دور ارضي 
والدور العلوي مستقل يعني مفصول باب وملحق صغير مع باب على الشارع

دور الارضي 
 ٥ غرف وغرفة غسيل مع حمام و٢ حمام في الملحق ومطبخ خارجي وداخل الدور الأرضي صالة مع مطبخ و٣ دورة مياه و٣ غرف ومجلس وغرفة طعام

والدور العلوي ٧ غرف وثلاث حمامات وصالة ومطبخ

والسطح 
غرفة مع دورة مياة 

مجدد عام ١٤٤٢

عمر الفيلا 33 سنه 
الحد 3 مليون 200 الف 

مباشر",24.553175,46.69636,https://images.aqar.fm/webp/750x0/props/030907700_1781669246201.jpg,1,عبدالكريم ابراهيم بن رسلان العنزي,شركة ابداع العالمية للتطوير والاستثمار العقاري ,1,2026-06-17,2026-08-14,2026-08-23,657,2026-08-23,True,"3,200,000",False,فيلا
6733021,https://sa.aqar.fm/فلل-للبيع/الرياض/جنوب-الرياض/حي-الشفا/شارع-عبدالله-النجدي-حي-الشفاء-مدينة-الرياض-منطقة-الرياض-6733021,"فيلا للبيع في شارع عبدالله النجدي, حي الشفاء, مدينة الرياض, منطقة الرياض",2200000,750,7,1,0,10,حي الشفا,الرياض,جنوب الرياض,"للبيع فله حي الشفاء
دورين مفصوله مرممه

الحد مليونين و ٤٠٠ الف صافي 

الفله نظيفه الدور الأرضي ساكنه المالك
الدور الأول مؤجر دفعه واحده

كل دور اربع غرف نوم
صاله
مطبخ
مقلط
مجلس

غرفه سواق
غرفه خادمه

قريبه من جميع الخدمات

الحد مليونين و ٤٠٠ الف صافي 

مزيد من التفاصيل ((الرقم يظهر عند الضغط على اتصال))

نسوق عروضكم العقاريه ونرحب بالجميع

موقع المكتب حي الشفاء
شارع عبدالعزيز بن عساكر

قريب بنك الراجحي شارع ابن تيميه..",24.554726,46.683544,https://images.aqar.fm/webp/750x0/props/002324844_1781463742140.jpg | https://images.aqar.fm/webp/750x0/props/002324844_1781463754766.jpg,2,محمد بجير عبدالله آل بجير,,0,2026-06-14,2026-07-14,2026-08-21,997,2026-08-23,True,"2,200,000",False,فيلا
6750484,https://sa.aqar.fm/فلل-للبيع/الرياض/جنوب-الرياض/حي-الشفا/شارع-الرحمة-حي-الشفاء-مدينة-الرياض-منطقة-الرياض-6750484,"فيلا للبيع في شارع الرحمة, حي الشفاء, مدينة الرياض, منطقة الرياض",1800000,839,4,1,0,11,حي الشفا,الرياض,جنوب الرياض,"للبيع بسعر الأرض بيت في حي الشفا (جنوب الرياض)

المساحة: ٨٣٩٫٣٦ م²
الأطوال: شمالاً ٢٤٫٣ م، جنوباً ٢٤٫٥ م، شرقاً ٣٤٫٥ م، غرباً ٣٤٫٥ م
الواجهة: شمالية
صك محدث ومسجل لدى الهيئة العامة للعقار
يوجد فسح بناء
الموقع: دقيقة واحدة للخروج من الحي والوصول إلى الدائري الجنوبي (باتجاه الغرب أو الشرق) أو طريق الملك فهد وقريب من جميع الخدمات.

المكونات:

الدور الأرضي: مجلس، صالة، مقلط، مطبخ، دورتين مياه، ودورة مياه خارجية، وغرفة خادمة خارجية بدورة مياه، ومستودع خارجي. حوش واسع فيه خيمة أمامية وأخرى خلفية، ومدخل سيارة يتسع لأكثر من ٤ سيارات.

الدور الأول: ٤ غرف نوم، دورتين مياه، ومطبخ خدمة صغير.

الدور الثاني: سطح.

شقة خارجية بمدخل مستقل (تحتاج ترميم): غرفتين، مطبخ، دورة مياه، وحوش.

ملاحظات:
- البيت مرمم من الداخل.
- يوجد سكان حالياً، يُرجى التنسيق قبل الزيارة.
- ⁠البيع بقيمة الارض
- السعر 1800000
- 7201020725",24.577735,46.704166,https://images.aqar.fm/webp/750x0/props/003661141_1782601004971.jpg | https://images.aqar.fm/webp/750x0/props/003661143_1782601005136.jpg | https://images.aqar.fm/webp/750x0/props/003661145_1782601005141.jpg | https://images.aqar.fm/webp/750x0/props/003661141_1782601005139.jpg | https://images.aqar.fm/webp/750x0/props/003661147_1782601005313.jpg | https://images.aqar.fm/webp/750x0/props/003661141_1782601005308.jpg | https://images.aqar.fm/webp/750x0/props/003661141_1782601004971.jpg | https://images.aqar.fm/webp/750x0/props/003661143_1782601005136.jpg | https://images.aqar.fm/webp/750x0/props/003661145_1782601005141.jpg | https://images.aqar.fm/webp/750x0/props/003661141_1782601005139.jpg | https://images.aqar.fm/webp/750x0/props/003661147_1782601005313.jpg | https://images.aqar.fm/webp/750x0/props/003661141_1782601005308.jpg | https://images.aqar.fm/webp/750x0/props/003661145_1782604981638.jpg | https://images.aqar.fm/webp/750x0/props/003661146_1782604981759.jpg | https://images.aqar.fm/webp/750x0/props/003661145_1782604981759.jpg | https://images.aqar.fm/webp/750x0/props/003661149_1782604981888.jpg,16,ممدوح الجميلى,مؤسسة مكتب المسكن الثاني العقارية,1,2026-06-27,2026-07-27,2026-08-19,760,2026-08-23,True,"1,800,000",False,فيلا
6743293,https://sa.aqar.fm/فلل-للبيع/الرياض/جنوب-الرياض/حي-الشفا/شارع-الصحراوي-حي-الشفاء-مدينة-الرياض-منطقة-الرياض-6743293,"فيلا للبيع في شارع الصحراوي, حي الشفاء, مدينة الرياض, منطقة الرياض",1900000,875,,5,0,11,حي الشفا,الرياض,جنوب الرياض,"للبيع فلة بقيمة أرض
 ( الفلة صالحة للسكن )
فيها دور أرضي واسع مع حوش واسع ومدخل للسيارات
و ٤ شقق مدخل مستقل
الدخل السنوي للشقق فقط من غير الدور ٨٥ ألف
المساحة: ٨٧٥ متر
الأطوال: ٢٥ في ٣٥
الشارع: ١٥ جنوبي
رقم القطعة: 331 مخطط 194/656
البيع: مليون و 950 ألف  ( كاش فقط )
(  محاولة بأقل )

العرض: مباشر",24.569798,46.707097,https://images.aqar.fm/webp/750x0/props/032241317_1782139930641.jpg | https://images.aqar.fm/webp/750x0/props/032241312_1782140898114.jpg | https://images.aqar.fm/webp/750x0/props/032241318_1782140898129.jpg | https://images.aqar.fm/webp/750x0/props/032241315_1782140898137.jpg,4,نصار عبدالعزيز نصار النصار,,,2026-06-22,2026-06-22,2026-08-21,1094,2026-08-23,True,"1,900,000",False,فيلا
6785150,https://sa.aqar.fm/فلل-للبيع/الرياض/جنوب-الرياض/حي-الشفا/شارع-البناء-حي-الشفاء-مدينة-الرياض-منطقة-الرياض-6785150,"فيلا للبيع في شارع البناء, حي الشفاء, مدينة الرياض, منطقة الرياض",1200000,300,7,,,5,حي الشفا,الرياض,جنوب الرياض,"شركة سلطان ريال استيت 
ترخيص فال 1200043435
ترخيص اعلاني 7201051585

# 🏡 فيلا دبلكس متصل للبيع

📍 **حي الشفا**

✨ **المساحة:** 300م²

### مواصفات الفيلا:

✅ تتكون من **3 أدوار**

✅ **مشب خارجي** مع دورة مياه

✅ **حوش واسع** يتسع لسيارتين

✅ **مجلس رجال** مع دورات مياه ومغسلتين

✅ **مقلط طعام**

✅ **صالتان** مفتوحتان على بعض بتصميم عصري

✅ **مطبخ**

✅ **غرفة غسيل** مجهزة بالكامل بالسباكة

### الدور الأول:

* مجلس رجال
* مقلط
* صالتان
* مطبخ
* غرفة غسيل

### الدور الثاني:

* **4 غرف نوم**
* غرفتان ماستر بدورات مياه خاصة
* غرفتان بحمام مشترك
* صالة عائلية كبيرة

### الدور الثالث:

* غرفة عاملة مع دورة مياه
* سطح واسع

### المميزات الإضافية:

✔️ مطبخ راكب مع جميع الأجهزة الكهربائية

✔️ عدد **5 مكيفات سبليت**

✔️ الفيلاعملرها خمس سنوات

✔️ تشطيب فاخر

✔️ تصميم عملي ومساحات واسعة

📞 **للتواصل والاستفسار**

**((الرقم يظهر عند الضغط على اتصال))**
**((الرقم يظهر عند الضغط على اتصال))**

**شركة سلطان ريال إستيت**
**رقم رخصة فال:** 1200043435",24.572302,46.717754,https://images.aqar.fm/webp/750x0/props/051531624_1784713611453.jpg | https://images.aqar.fm/webp/750x0/props/051531625_1784713611455.jpg | https://images.aqar.fm/webp/750x0/props/051531622_1784713611453.jpg | https://images.aqar.fm/webp/750x0/props/051531626_1784713611461.jpg | https://images.aqar.fm/webp/750x0/props/051531628_1784713611453.jpg | https://images.aqar.fm/webp/750x0/props/051531624_1784713611465.jpg | https://images.aqar.fm/webp/750x0/props/051531626_1784713611477.jpg | https://images.aqar.fm/webp/750x0/props/051531626_1784713611472.jpg | https://images.aqar.fm/webp/750x0/props/051531625_1784713611488.jpg | https://images.aqar.fm/webp/750x0/props/051531628_1784713611489.jpg,10,سلطان بن عمار بن علي الخالدي,شركة سلطان ريال إستيت,1,2026-07-22,2026-08-20,2026-08-23,745,2026-08-23,True,"1,200,000",False,فيلا
6534758,https://sa.aqar.fm/فلل-للبيع/الرياض/جنوب-الرياض/حي-الشفا/شارع-ظافر-بن-قاسم-حي-الشفاء-مدينة-الرياض-منطقة-الرياض-6534758,"فيلا للبيع في شارع ظافر بن قاسم, حي الشفاء, مدينة الرياض, منطقة الرياض",1500000,540,6,,,11,حي الشفا,الرياض,جنوب الرياض,"للبيع فيلا 
في حي الشفاء 
المساحة : ٥٤٠ م 
الاطوال : 24 على الشارع في عمق 22
شارع : ٢٠ شمالي 
عمرها ٣٨ سنه مرممه ب الكامل 
مواصفات الدور الارضي / حوش واسع ملحقين خارجية مجلس رجال مع صالة طعام ومغاسل ودور مياة صالة عائلية مقلط غرفة كبار سن مقلط جانبي مطبخ ومستودع 
الدور الثاني / ٦ غرف نوم 
السطح / غرفة نوم صالة مطبخ مستودع 
عدادين كهرب يوجد صور 
السوم مليون و ٤٠٠ 
البيع قريب

للتواصل:
((رقم المعلن يظهر عند التواصل))",24.56504,46.696707,https://images.aqar.fm/webp/750x0/props/016226441_1767624107696.jpg | https://images.aqar.fm/webp/750x0/props/016226449_1767624324371.jpg | https://images.aqar.fm/webp/750x0/props/016226444_1767624329587.jpg | https://images.aqar.fm/webp/750x0/props/016226447_1767624335549.jpg | https://images.aqar.fm/webp/750x0/props/016226448_1767624340939.jpg,5,خالد احمد,مؤسسة واجهة عقارك للتطوير والاستثمار العقاري,1,2026-01-05,2026-07-14,2026-08-17,3126,2026-08-23,True,"1,500,000",False,فيلا
6791635,https://sa.aqar.fm/فلل-للبيع/الرياض/جنوب-الرياض/حي-الشفا/شارع-يونس-البصري-حي-الشفاء-مدينة-الرياض-منطقة-الرياض-6791635,"فيلا للبيع في شارع يونس البصري, حي الشفاء, مدينة الرياض, منطقة الرياض",1350000,244,,5,2,0,حي الشفا,الرياض,جنوب الرياض,"فيلا للبيع بحي الشفا 

مواصفات الفيلا 

٥ غرف نوم ٢ منها ماستر
٧ دورات مياه ،مطبخ ، صاله، مجلس رجال ، مجلس نساء  ، غرفة طعام ، غرفة عاملة 

الضمانات تشمل : 

تامين العيوب الخفية 
اعمال السباكة 
اعمال الكهرباء 
اعمال العزل 
كافة الضمانات 


السعر 1.400.000 غير شامل الضريبة
للتواصل / ((رقم المعلن يظهر عند التواصل))

مكتب عبدالوهاب سلوم السلوم للعقارات
اوقات الدوام من 4 عصراً حتى 9:30 مساء",24.571408,46.706131,https://images.aqar.fm/webp/750x0/props/013317711_1745442851305.jpg | https://images.aqar.fm/webp/750x0/props/013317713_1745442851308.jpg | https://images.aqar.fm/webp/750x0/props/013317718_1745442851296.jpg | https://images.aqar.fm/webp/750x0/props/013317714_1745442851318.jpg | https://images.aqar.fm/webp/750x0/props/013317716_1745442851315.jpg | https://images.aqar.fm/webp/750x0/props/013317719_1745442851313.jpg | https://images.aqar.fm/webp/750x0/props/013317715_1745442851313.jpg | https://images.aqar.fm/webp/750x0/props/013317717_1745442851299.jpg | https://images.aqar.fm/webp/750x0/props/013317714_1745442867899.jpg | https://images.aqar.fm/webp/750x0/props/013317716_1745442867911.jpg | https://images.aqar.fm/webp/750x0/props/013317718_1745442867958.jpg | https://images.aqar.fm/webp/750x0/props/013317716_1745442867967.jpg,12,عبدالوهاب سلوم صالح السلوم,مكتب عبدالوهاب سلوم السلوم للعقارات,1,2026-07-26,2026-07-26,2026-08-16,716,2026-08-23,True,"1,350,000",False,فيلا
6801233,https://sa.aqar.fm/فلل-للبيع/الرياض/جنوب-الرياض/حي-الشفا/شارع-المفضل-بن-المهلب-حي-الشفاء-مدينة-الرياض-منطقة-الرياض-6801233,"فيلا للبيع في شارع المفضل بن المهلب, حي الشفاء, مدينة الرياض, منطقة الرياض",1900000,875,,0,0,11,حي الشفا,الرياض,جنوب الرياض,"للبيع فيلا بحي الشفاء – موقع مميز بالقرب من جامع العودة وجميع الخدمات ( السعر قابل للتفاوض )

📍 الموقع: حي الشفاء
📐 المساحة: 875 م²
🏠 عمر العقار: 30 سنة
🔹 دورين مفصولة
🚗 غرفة سائق

الدور الأرضي:
حوشين، كل حوش فيه خيمة
ملحق واحد ودورة مياه
2 مجلس
7 غرف
صالة
3 دورات مياه
صالة كبيرة
مطبخ
مخزن
غرفة غسيل
الدور الثاني:
مطبخ 
صالة 
4 غرف 
2 دورة مياة
السطح:
غرفة
خيمة
✅ موقع ممتاز وقريب من جميع الخدمات والمرافق.

‏",24.566663,46.708115,https://images.aqar.fm/webp/750x0/props/024404288_1785649856640.jpg,1,عبدالرحمن بن راشد بن عمر الضرغام,,,2026-08-02,2026-08-02,2026-08-23,327,2026-08-23,True,"1,900,000",False,فيلا
6496786,https://sa.aqar.fm/فلل-للبيع/الرياض/جنوب-الرياض/حي-الشفا/شارع-البركات-حي-الشفاء-مدينة-الرياض-منطقة-الرياض-6496786,"فيلا للبيع في شارع البركات, حي الشفاء, مدينة الرياض, منطقة الرياض",1650000,600,,5,4,11,حي الشفا,الرياض,جنوب الرياض,"🔹للبيع فيلا 🏢 🔹
• حي الشفا

🔵 التفاصيل : 

المساحة 600 متر
الفيلا مكونة من دورين كل دور لحاله وملحقين ارضية مستقله كل ملحق 2 غرف وصالة ومطبخ ودورة مياة وملحق علوي مستقل مكون من 4 غرف وصاله ومطبخ ودورتين مياة

الفيلا مكونة من 21 غرفة منها 9 غرف ماستر وعدد الحمامات 16 حمام منها حمامات غرف الماستر
الفيلا مجددة بالكامل سباكة كهرباء بلاط تشطيبات فاخره من الآخر 

السعر / 1650000﷼ 

🟢ملاحظة : لايوجد اتمام بناء البيع كاش

🟠 السعر قابل للتفاوض البسيط",24.576011,46.711289,https://images.aqar.fm/webp/750x0/props/003814958_1765125403830.jpg | https://images.aqar.fm/webp/750x0/props/003814951_1765125403758.jpg | https://images.aqar.fm/webp/750x0/props/003814955_1765125403845.jpg | https://images.aqar.fm/webp/750x0/props/003814954_1765125403843.jpg | https://images.aqar.fm/webp/750x0/props/003814953_1765125403842.jpg | https://images.aqar.fm/webp/750x0/props/003814957_1765125403734.jpg | https://images.aqar.fm/webp/750x0/props/003814952_1765125403783.jpg | https://images.aqar.fm/webp/750x0/props/003814958_1765125403852.jpg | https://images.aqar.fm/webp/750x0/props/003814957_1765125436340.jpg | https://images.aqar.fm/webp/750x0/props/003814952_1765125436344.jpg | https://images.aqar.fm/webp/750x0/props/003814954_1765125436286.jpg | https://images.aqar.fm/webp/750x0/props/003814957_1765125436407.jpg | https://images.aqar.fm/webp/750x0/props/003814957_1765125436385.jpg | https://images.aqar.fm/webp/750x0/props/003814950_1765125436407.jpg | https://images.aqar.fm/webp/750x0/props/003814956_1765125436422.jpg | https://images.aqar.fm/webp/750x0/props/003814959_1765125436426.jpg,16,حمد ابراهيم,,,2025-12-07,2025-12-07,2026-08-22,3162,2026-08-23,True,"1,650,000",False,فيلا
6795994,https://sa.aqar.fm/فلل-للبيع/الرياض/جنوب-الرياض/حي-الشفا/شارع-السنجاري-حي-الشفاء-مدينة-الرياض-منطقة-الرياض-6795994,"فيلا للبيع في شارع السنجاري, حي الشفاء, مدينة الرياض, منطقة الرياض",1400000,223,5,4,0,0,حي الشفا,الرياض,جنوب الرياض,"🛑 فيلا دوبلكس للبيع 🛑

المساحة 223 متر 

الدور الأرضي : مجلس +مقلط +صاله كبيره + مطبخ + ٢ دورة مياه. 

الدور الاول : ٤ غرف نوم ٢ منها ماستر .

السطح : غرفة بدورة مياه + غرفة غسيل + غرفة خدامة بدورة مياه + السطح

السعر ( مليون و٤٠٠ الف ) 


المشروع مميز والموقع استراتيجي والتنفيذ بجودة عالية 
ملاحظة : الأسعار غير شاملة الضريبة والسعي .",24.562033,46.683659,https://images.aqar.fm/webp/750x0/props/035957992_1785784470910.jpg,1,عبدالله محمد احمد الشريف,,,2026-07-29,2026-07-29,2026-08-23,226,2026-08-23,True,"1,400,000",False,فيلا
6694680,https://sa.aqar.fm/فلل-للبيع/الرياض/جنوب-الرياض/حي-الشفا/شارع-عبدالله-النجدي-حي-الشفاء-مدينة-الرياض-منطقة-الرياض-6694680,"فيلا للبيع في شارع عبدالله النجدي, حي الشفاء, مدينة الرياض, منطقة الرياض",2000000,750,,5,3,10,حي الشفا,الرياض,جنوب الرياض,"اللهم صلي وسلم على محمد 

فله للبيع مساحة : 750 متر 

شارع عرض : 20 

عباره عن دورين مفصوله 

الدور الارضي يتكون من : 
مجلس خارجي بدوراة مياه - مجلس - مقلط - صاله - مطبخ - 4 غرف نوم - 4 دوراة مياه - صالة طعام - مجلس نساء - مدخل لسياره مسقوف 

الدور الثاني يتكون من : 
مجلس - مقلط - صاله - مطبخ -  4 غرف نوم - 3 دوراة مياه 

الحي هادئ وقريب من جميع الخدمات 👍🏼

تصميمها ممتاز ومناسب للي يبحث عن سكن 👌🏽

موقعها ممتاز وقريب من الشوارع الرئيسية 🤙🏼

لتواصل / ((الرقم يظهر عند الضغط على اتصال))

لا يتواصل الى الصامل 

نستقبل عروضكم العقاريه ونتشرف في خدمتكم 🌹

وسلامتكم ♥️",24.55476,46.68357,https://images.aqar.fm/webp/750x0/props/014806923_1781035865211.jpg | https://images.aqar.fm/webp/750x0/props/014806927_1781035865213.jpg | https://images.aqar.fm/webp/750x0/props/014806924_1781035865210.jpg,3,حمد القحطاني,,,2026-05-12,2026-08-08,2026-08-15,1014,2026-08-23,True,"2,000,000",False,فيلا
6752581,https://sa.aqar.fm/فلل-للبيع/الرياض/جنوب-الرياض/حي-الشفا/شارع-البركات-بن-الخطاب-حي-الشفاء-مدينة-الرياض-منطقة-الرياض-6752581,"فيلا للبيع في شارع البركات بن الخطاب, حي الشفاء, مدينة الرياض, منطقة الرياض",1150000,200,6,0,0,0,حي الشفا,الرياض,جنوب الرياض,"فيلا دبلوكس مساحة 200 الدور الأرضي مجلس مقلط صاله كبيره مطبخ ٢ دورة مياه 
الدور الاول ٤ غرف نوم ٢ منها ماستر 
الدور الثاني غرفة دورة مياه بالإضافة إلى غرفة غسيل + غرفة خدامة بدورة مياه + السطح 
المساحة",24.576835,46.709419,https://images.aqar.fm/webp/750x0/props/021930908_1782742784367.jpg | https://images.aqar.fm/webp/750x0/props/021930907_1782742784384.jpg | https://images.aqar.fm/webp/750x0/props/021930900_1782742784271.jpg,3,خالد عفاس مطرف ال درع ,,,2026-06-29,2026-07-28,2026-08-22,255,2026-08-23,True,"1,150,000",False,فيلا
6759304,https://sa.aqar.fm/فلل-للبيع/الرياض/جنوب-الرياض/حي-الشفا/شارع-زيد-بن-علي-الجريسي-حي-الشفاء-مدينة-الرياض-منطقة-الرياض-6759304,"فيلا للبيع في شارع زيد بن علي الجريسي, حي الشفاء, مدينة الرياض, منطقة الرياض",2100000,1011,,5,3,11,حي الشفا,الرياض,جنوب الرياض,"🔝فلة قديمة بقيمة أرض 🔝

- حي الشفاء
- ⁠المساحة: 1011م
- ⁠الواجهة: جنوبية
- ⁠الأطوال: 25م على الشارع بعمق 40.45م


- مكونة من 22 غرفة
- مناسبة للاستثمار السكني
- ⁠شارع تجاري
 

- مدارس حكومية وأهلية قريبة جدا 
-  قريب من جميع الخدمات 


▪️ أدق العقود للعقارات وإدارة الأملاك ▪️

للتواصل 📞
‏055/444/6191
‏056/99/00/997",24.566332,46.700591,https://images.aqar.fm/webp/750x0/props/004497596_1783178986791.jpg,1,هشام عبدالله علي الغانم,مؤسسة مكتب أدق العقود للعقارات,1,2026-07-04,2026-08-02,2026-08-02,644,2026-08-23,True,"2,100,000",False,فيلا
6579553,https://sa.aqar.fm/فلل-للبيع/الرياض/جنوب-الرياض/حي-الشفا/شارع-الزاهد-النشار-حي-الشفاء-مدينة-الرياض-منطقة-الرياض-6579553,"فيلا للبيع في شارع الزاهد النشار, حي الشفاء, مدينة الرياض, منطقة الرياض",1450000,562,,5,2,6,حي الشفا,الرياض,جنوب الرياض,"🏡 فيلا فاخرة للبيع بحي الشفا 
المساحة -  562 م 
الارضي : 
⚡️   ملحق خارجي + مجلس + مقلط + مجلس نساء + غرفة نوم + صالة + صالة طعام + مطبخ + مغاسل +  3 دورات مياه  + جلسه حوش + مدخل سياره + حوش يتسع 4 سيارات 
درج داخلية 

✔️ الدور الاول  : 
⚡️ 5 غرف نوم 
⚡️ دورتين مياه  

المميزات:
⚡️ تشطيب فاخر 🏆
💫 الحي فاخر وراقي وقريب من جميع الخدمات  ⚡
⚡️ الفيلا علي زاويه قريب من طريق ديراب  
✨ الغرف واسعه  
⚡️ حوش واسع  بحديقة ياخذ 4 سيارات 

السعر : 1450,000",24.565569,46.689783,https://images.aqar.fm/webp/750x0/props/032512498_1770474389997.jpg | https://images.aqar.fm/webp/750x0/props/032512498_1770474465461.jpg | https://images.aqar.fm/webp/750x0/props/032512490_1770474465297.jpg | https://images.aqar.fm/webp/750x0/props/032512496_1770474465518.jpg | https://images.aqar.fm/webp/750x0/props/032512493_1770474465299.jpg | https://images.aqar.fm/webp/750x0/props/032512494_1770548113242.jpg | https://images.aqar.fm/webp/750x0/props/032512490_1770548113588.jpg,7,محمد يسلم,شركة أصول الخبرة العقارية,1,2026-02-07,2026-07-31,2026-08-03,8510,2026-08-23,True,"1,450,000",False,فيلا
6817954,https://sa.aqar.fm/فلل-للبيع/الرياض/جنوب-الرياض/حي-الشفا/شارع-أبحر-حي-الشفاء-مدينة-الرياض-منطقة-الرياض-6817954,"فيلا للبيع في شارع أبحر, حي الشفاء, مدينة الرياض, منطقة الرياض",1350000,416,,5,2,11,حي الشفا,الرياض,جنوب الرياض,"رقم العرض: (3108)

فيلا دوبلكس مع شقة للبيع

▪ مساحة الأرض: 416 م²
▪ الواجهة: غربية 
▪ عرض الشارع: 16 متر
▪ العمر: أكثر من 18 سنة
*حره وتحتاج ترميم 

الدور الأرضي

▪ مدخلان مستقلان.
▪ مدخل سيارة.
▪ غرفة حارس.
▪ مجلس رجال مع دورة مياه.
▪ مقلط.
▪ صالة.
▪ غرفة كبار سن (ماستر).
▪ مجلس نساء.
▪ دورة مياه.
▪ مطبخ.
▪ مخزن بالحوش.

الدور العلوي

▪ 3 غرف نوم (منها غرفة ماستر).
▪ دورة مياه.
▪ غرفة بالسطح.

الشقة

▪ مجلس.
▪ صالة.
▪ مطبخ.
▪ غرفتا نوم.
▪ دورتا مياه.
▪ غرفة بالسطح مع دورة مياه.

📲 للاستفسار والمعاينة يرجى التواصل واتساب.",24.560012,46.694711,https://images.aqar.fm/webp/750x0/props/044193089_1786520226336.jpg,1,صالح بن مسعد بن عبداللطيف الحربي,شركة ديار فيو للخدمات العقارية,1,2026-08-12,2026-08-12,2026-08-23,539,2026-08-23,True,"1,350,000",False,فيلا
6790860,https://sa.aqar.fm/فلل-للبيع/الرياض/جنوب-الرياض/حي-الشفا/شارع-البليدة-حي-الشفاء-مدينة-الرياض-منطقة-الرياض-6790860,"فيلا للبيع في شارع البليدة, حي الشفاء, مدينة الرياض, منطقة الرياض",1150000,204,7,,,2,حي الشفا,الرياض,جنوب الرياض,"للبيع فيلا بحي الشفا  جنوب الرياض 
مساحة 205 متر 
 
عمرها سنتين 
يفتح مقابل حديقة ومسجد ومنطقة مفتوحه 
تتكون من دورين 
تفاصيل العقار  
الدور الارضي :
مدخل خاص  حوش  مجلس ومقلط وصاله ومطبخ
الدورالثاني :
ثلاثة غرف نوم منهم  واحدة ماستر  وسطح مستقل 
ملاحظة البيت مرهون علي البنك 
سعر البيع 1.150.000 شامل الرهن 
شركة سلطان ريال إستيت 
رقم ترخيص فال 1200043435
رقم ترخيص الاعلان :7201057226
للتواصل والاستفسار :((الرقم يظهر عند الضغط على اتصال)) _((الرقم يظهر عند الضغط على اتصال))",24.577464,46.714074,https://images.aqar.fm/webp/750x0/props/051531628_1785067005511.jpg | https://images.aqar.fm/webp/750x0/props/051531627_1785067005524.jpg | https://images.aqar.fm/webp/750x0/props/051531628_1785067005514.jpg | https://images.aqar.fm/webp/750x0/props/051531627_1785067005525.jpg | https://images.aqar.fm/webp/750x0/props/051531629_1785067005524.jpg | https://images.aqar.fm/webp/750x0/props/051531621_1785067005525.jpg,6,سلطان بن عمار بن علي الخالدي,شركة سلطان ريال إستيت,1,2026-07-26,2026-07-26,2026-08-23,322,2026-08-23,True,"1,150,000",False,فيلا
6804436,https://sa.aqar.fm/فلل-للبيع/الرياض/جنوب-الرياض/حي-الشفا/شارع-السنجاري-حي-الشفاء-مدينة-الرياض-منطقة-الرياض-6804436,"فيلا للبيع في شارع السنجاري, حي الشفاء, مدينة الرياض, منطقة الرياض",1400000,223,5,4,0,0,حي الشفا,الرياض,جنوب الرياض,"🛑 فيلا دوبلكس للبيع 🛑

المساحة 223 متر 

الدور الأرضي : مجلس +مقلط +صاله كبيره + مطبخ + ٢ دورة مياه. 

الدور الاول : ٤ غرف نوم ٢ منها ماستر .

السطح : غرفة بدورة مياه + غرفة غسيل + غرفة خدامة بدورة مياه + السطح

السعر ( مليون و٤٠٠ الف ) 


المشروع مميز والموقع استراتيجي والتنفيذ بجودة عالية 
ملاحظة : الأسعار غير شاملة الضريبة والسعي .

للتواصل :
 ((الرقم يظهر عند الضغط على اتصال))
((الرقم يظهر عند الضغط على اتصال))",24.562094,46.683735,https://images.aqar.fm/webp/750x0/props/035957994_1786542991115.jpg | https://images.aqar.fm/webp/750x0/props/035957990_1786543007308.jpg | https://images.aqar.fm/webp/750x0/props/035957993_1786543032321.jpg | https://images.aqar.fm/webp/750x0/props/035957992_1786543058817.jpg | https://images.aqar.fm/webp/750x0/props/035957995_1786543090837.jpg | https://images.aqar.fm/webp/750x0/props/035957993_1786543106217.jpg,6,عبدالله محمد احمد الشريف,,,2026-08-03,2026-08-03,2026-08-23,346,2026-08-23,True,"1,400,000",False,فيلا
6673089,https://sa.aqar.fm/فلل-للبيع/الرياض/جنوب-الرياض/حي-الشفا/شارع-الشعبي-حي-الشفاء-مدينة-الرياض-منطقة-الرياض-6673089,"فيلا للبيع في شارع الشعبي, حي الشفاء, مدينة الرياض, منطقة الرياض",1400000,520,,1,0,11,حي الشفا,الرياض,جنوب الرياض,"فله على شارع 30 تجاري سكني
موقع ممتاز وقريب من جميع الخدمات
وقريب من الشوارع الرئيسية..

تناسب المطورين لبناء شقق تمليك 


تتكون من دورين مفصوله وملحق
العمر فوق ٣٠ سنه

المالك ساكنها وتصلح ل السكن 

السعر مليون و 400 ألف صافي",24.555503,46.695821,https://images.aqar.fm/webp/750x0/props/002324841_1777373045084.jpg,1,محمد بجير عبدالله آل بجير,,0,2026-04-28,2026-06-25,2026-08-18,2210,2026-08-23,True,"1,400,000",False,فيلا
6512450,https://sa.aqar.fm/فلل-للبيع/الرياض/جنوب-الرياض/حي-الشفا/شارع-ثابت-بن-أقرم-حي-الشفاء-مدينة-الرياض-منطقة-الرياض-6512450,"فيلا للبيع في شارع ثابت بن أقرم, حي الشفاء, مدينة الرياض, منطقة الرياض",1400000,200,,5,3,0,حي الشفا,الرياض,جنوب الرياض,"🏢ڤيلا بحي الشفا 
📏مساحه ٣٠٠ متر
🏢تتكون الڤيلا من:
 الدور الأرضي،مشب ،مجلس رجال مع دورة مياه، مقلط، صاله، مجلس نساء،مقلط نساء،مطبخ
الدور الأول،٤ غرف نوم منهم 3 غرف ماستر
الملحق العلوي ،غرفة ماستر كبيرة،غرفة خادمة،غرفة غسيل،سطحين
🚨🚨🚨 يتوفر لدينا عروض لشقق وفلل وأدوار بصك وتاون هاوس ودوبلكسات في مختلف المناطق والمخططات والاحياء

🏦 نتعامل مع جميع البنوك والشركات التمويلية في جميع أنحاء المملكة 
ولدينا أفضل الحلول التمويلية وسداد المديونيات وتوفير الدفعة المقدمة",24.57108,46.71321,https://images.aqar.fm/webp/750x0/props/042973749_1744500328923.jpg | https://images.aqar.fm/webp/750x0/props/042973743_1744500331759.jpg | https://images.aqar.fm/webp/750x0/props/042973742_1744500323510.jpg | https://images.aqar.fm/webp/750x0/props/042973749_1744500323560.jpg | https://images.aqar.fm/webp/750x0/props/042973746_1744500325681.jpg | https://images.aqar.fm/webp/750x0/props/042973742_1744500326639.jpg | https://images.aqar.fm/webp/750x0/props/042973745_1744500328418.jpg | https://images.aqar.fm/webp/750x0/props/042973748_1744500329846.jpg | https://images.aqar.fm/webp/750x0/props/042973743_1744500332670.jpg | https://images.aqar.fm/webp/750x0/props/042973743_1744500333749.jpg | https://images.aqar.fm/webp/750x0/props/042973747_1744500335660.jpg | https://images.aqar.fm/webp/750x0/props/042973744_1744500336670.jpg | https://images.aqar.fm/webp/750x0/props/042973742_1744500337464.jpg | https://images.aqar.fm/webp/750x0/props/042973743_1744500338643.jpg | https://images.aqar.fm/webp/750x0/props/042973745_1744500340605.jpg | https://images.aqar.fm/webp/750x0/props/042973746_1744500341565.jpg | https://images.aqar.fm/webp/750x0/props/042973741_1744500342585.jpg | https://images.aqar.fm/webp/750x0/props/042973748_1744500343514.jpg | https://images.aqar.fm/webp/750x0/props/042973743_1744500344506.jpg | https://images.aqar.fm/webp/750x0/props/042973747_1744500346579.jpg | https://images.aqar.fm/webp/750x0/props/042973745_1744500347870.jpg | https://images.aqar.fm/webp/750x0/props/042973740_1744500348843.jpg | https://images.aqar.fm/webp/750x0/props/042973748_1744500350746.jpg | https://images.aqar.fm/webp/750x0/props/042973745_1744500351474.jpg | https://images.aqar.fm/webp/750x0/props/042973748_1744500352686.jpg,25,ورده علي احمد الناشري,مؤسسة الهرم الرابع للعقارات,1,2025-12-18,2025-12-18,2026-06-19,1532,2026-08-23,True,"1,400,000",False,فيلا
6750226,https://sa.aqar.fm/فلل-للبيع/الرياض/جنوب-الرياض/حي-الشفا/شارع-أبي-نزار-الجمال-حي-الشفاء-مدينة-الرياض-منطقة-الرياض-6750226,"فيلا للبيع في شارع أبي نزار الجمال, حي الشفاء, مدينة الرياض, منطقة الرياض",3000000,1050,6,1,0,11,حي الشفا,الرياض,جنوب الرياض,"فيلا للبيع فى حى الشفا 
المساحة 1050 
عمرها 30سنة 
وتم تجديدها ب الكامل 
من 4 سنوات 
زاوية شارع 30و 20 
الوجهة شمالية غربية 
الفيلا تتكون 
دورين مفصوله 
الدور الأرضي فيه ملحق وك
جراش للسيارة وغرف خارجيه وغرف داخليه ومطبخين داخلي وخارجي 
والدور العلوي ٧ غرف وثلاث حمامات وصالة ومطبخ
والسطح فيه غرفة وحمام
البيع 3 مليون",24.553175,46.69636,https://images.aqar.fm/webp/750x0/props/053161977_1782588099860.jpg,1,فهد فالح فرج الحربي,شركة قمم نجد العقارية شركة شخص واحد,1,2026-06-27,2026-07-27,2026-08-23,438,2026-08-23,True,"3,000,000",False,فيلا
6693265,https://sa.aqar.fm/فلل-للبيع/الرياض/جنوب-الرياض/حي-الشفا/شارع-بشر-بن-صفوان-حي-الشفاء-مدينة-الرياض-منطقة-الرياض-6693265,"فيلا للبيع في شارع بشر بن صفوان, حي الشفاء, مدينة الرياض, منطقة الرياض",2000000,1011,1,,,11,حي الشفا,الرياض,جنوب الرياض,"فلة قديمة (اعتبارها أرض) حي الشفا 
الواجهة: جنوبية 
شارع : 25م2  بطول 25 م2

المساحة: 1011.25م2

السوم: 2300 للمتر  - والبيع قريب

للتواصل :   أبو فهد",24.57106,46.698762,https://images.aqar.fm/webp/750x0/props/046804416_1778565322509.jpg | https://images.aqar.fm/webp/750x0/props/046804414_1778567991407.jpg,2,سليمان احمد عبدالعزيز المسعود,,,2026-05-12,2026-05-12,2026-08-01,846,2026-08-23,True,"2,000,000",False,فيلا
6763767,https://sa.aqar.fm/فلل-للبيع/الرياض/جنوب-الرياض/حي-الشفا/شارع-ضياء-الخفاف-حي-الشفاء-مدينة-الرياض-منطقة-الرياض-6763767,"فيلا للبيع في شارع ضياء الخفاف, حي الشفاء, مدينة الرياض, منطقة الرياض",900000,236,5,0,0,0,حي الشفا,الرياض,جنوب الرياض,"دور علوي فاخر للبيع | مساحة 323م²

فرصة مميزة لامتلاك دور علوي بتصميم عصري ومساحات رحبة، مع مدخل مستقل، وموقف خاص للسيارة، وخصوصية عالية، في موقع مميز قريب من جميع الخدمات.

التفاصيل:

* مجلس استقبال.
* صالة معيشة واسعة.
* مطبخ عملي.
* 3 غرف نوم.
* صالة عائلية.
* 4 دورات مياه.
* سطح واسع متعدد الاستخدامات، مثالي للجلسات الخارجية.

عقار يجمع بين جودة التصميم، وحسن استغلال المساحات، والموقع المميز، ليمنحك ولعائلتك الراحة والخصوصية",24.554788,46.688816,https://images.aqar.fm/webp/750x0/props/014276602_1783430283529.jpg | https://images.aqar.fm/webp/750x0/props/014276602_1783430283529.jpg | https://images.aqar.fm/webp/750x0/props/014276603_1783430283528.jpg | https://images.aqar.fm/webp/750x0/props/014276609_1783430283524.jpg | https://images.aqar.fm/webp/750x0/props/014276607_1783430283535.jpg | https://images.aqar.fm/webp/750x0/props/014276606_1783430283536.jpg | https://images.aqar.fm/webp/750x0/props/014276609_1783430283540.jpg | https://images.aqar.fm/webp/750x0/props/014276605_1783430283526.jpg,8,العنود العصيمي,,,2026-07-07,2026-08-05,2026-08-22,1019,2026-08-23,True,"900,000",False,فيلا
6712495,https://sa.aqar.fm/فلل-للبيع/الرياض/جنوب-الرياض/حي-الشفا/شارع-البليدة-حي-الشفاء-مدينة-الرياض-منطقة-الرياض-6712495,"فيلا للبيع في شارع البليدة, حي الشفاء, مدينة الرياض, منطقة الرياض",850000,223,5,0,0,2,حي الشفا,الرياض,جنوب الرياض,"فيلا دبلكس للبيع
 الحي : الشفا
المساحة: 223 متر مربع

التفاصيل:

الدور الأرضي:

	•	مجلس رجال.
	•	صالة عائلية.
	•	مطبخ.
	•	مخزن.
	•	دورتا مياه.

الدور الأول:

	•	أربع غرف نوم (غرفتان ماستر مع حمام خاص).
	•	حمام إضافي يخدم باقي الغرف.

الدور الثاني:

	•	صالة واسعة.
	•	دورة مياه.
	•	سطح بإطلالة مميزة.

مميزات الموقع:

	•	قربها من طريق الملك فهد.
	•	قربها من وادي حنيفة.
يوجد لها ضمانات بعضها تصل 25 سنه 

للمزيد من المعلومات أو لتحديد موعد للزيارة، يرجى التواصل:
0535454549
0500077356
0507285220",24.578191,46.71349,https://images.aqar.fm/webp/750x0/props/013794332_1780079825265.jpg | https://images.aqar.fm/webp/750x0/props/013794338_1780079841123.jpg | https://images.aqar.fm/webp/750x0/props/013794339_1780079841167.jpg | https://images.aqar.fm/webp/750x0/props/013794333_1780079841133.jpg | https://images.aqar.fm/webp/750x0/props/013794331_1780079841190.jpg | https://images.aqar.fm/webp/750x0/props/013794338_1780079841131.jpg | https://images.aqar.fm/webp/750x0/props/013794338_1780079841127.jpg | https://images.aqar.fm/webp/750x0/props/013794332_1780079841148.jpg | https://images.aqar.fm/webp/750x0/props/013794339_1780079841130.jpg | https://images.aqar.fm/webp/750x0/props/013794336_1780079856926.jpg | https://images.aqar.fm/webp/750x0/props/013794330_1780079856930.jpg | https://images.aqar.fm/webp/750x0/props/013794338_1780079856942.jpg | https://images.aqar.fm/webp/750x0/props/013794336_1780079856933.jpg | https://images.aqar.fm/webp/750x0/props/013794334_1780079856941.jpg | https://images.aqar.fm/webp/750x0/props/013794332_1780079856871.jpg | https://images.aqar.fm/webp/750x0/props/013794339_1780079856937.jpg | https://images.aqar.fm/webp/750x0/props/013794336_1780079856935.jpg | https://images.aqar.fm/webp/750x0/props/013794331_1780079871655.jpg | https://images.aqar.fm/webp/750x0/props/013794338_1780079871634.jpg | https://images.aqar.fm/webp/750x0/props/013794335_1780079871639.jpg | https://images.aqar.fm/webp/750x0/props/013794330_1780079871637.jpg | https://images.aqar.fm/webp/750x0/props/013794334_1780079871636.jpg | https://images.aqar.fm/webp/750x0/props/013794332_1780079871640.jpg | https://images.aqar.fm/webp/750x0/props/013794330_1780079871657.jpg | https://images.aqar.fm/webp/750x0/props/013794336_1780079871814.jpg,25,عبدالله الشهري,مؤسسة صرح الإبداع للعقارات,1,2026-05-29,2026-07-27,2026-08-22,275,2026-08-23,True,"850,000",False,فيلا
6812505,https://sa.aqar.fm/فلل-للبيع/الرياض/جنوب-الرياض/حي-الشفا/شارع-صفية-بنت-الخطاب-حي-الشفاء-مدينة-الرياض-منطقة-الرياض-6812505,"فيلا للبيع في شارع صفية بنت الخطاب, حي الشفاء, مدينة الرياض, منطقة الرياض",1800000,900,,5,0,11,حي الشفا,الرياض,جنوب الرياض,"فله ٩٠٠ متر  

شارع ٢٥ 

الاطوال ٢٥ في ٣٦ 

الفله قديمة البيع بسعر ارض 


معلن عقاري برقم 6398812

للاستفسار والتواصل  

ابو راشد ((الرقم يظهر عند الضغط على اتصال))
ابو صالح ((الرقم يظهر عند الضغط على اتصال))

الرجاء مراعاة وقت الاتصال",24.574919,46.69871,https://images.aqar.fm/webp/750x0/props/016015711_1786275106549.jpg | https://images.aqar.fm/webp/750x0/props/016015716_1786275252517.jpg,2,نصره ناصر راشد,مكتب راشد للخدمات العقارية,1,2026-08-09,2026-08-09,2026-08-23,298,2026-08-23,True,"1,800,000",False,فيلا
6719543,https://sa.aqar.fm/فلل-للبيع/الرياض/جنوب-الرياض/حي-الشفا/شارع-البليدة-حي-الشفاء-مدينة-الرياض-منطقة-الرياض-6719543,"فيلا للبيع في شارع البليدة, حي الشفاء, مدينة الرياض, منطقة الرياض",850000,223,7,5,0,4,حي الشفا,الرياض,جنوب الرياض,"رقم العرض ( 3033 )
🏡 فيلا للبيع – حي الشفا | الرياض

📐 المساحة: 223 متر²

تفاصيل الفيلا:

🔹 الدور الأرضي:

- مجلس رجال.
- صالة عائلية.
- مطبخ.
- مخزن.
- دورتا مياه.

🔹 الدور الأول:

- 4 غرف نوم.
- غرفتان ماستر مع دورة مياه خاصة.
- دورة مياه إضافية تخدم باقي الغرف.

🔹 الدور الثاني:

- صالة واسعة.
- دورة مياه.
- سطح بإطلالة مميزة.

✨ مميزات الموقع:

- موقع مميز بالقرب من طريق الملك فهد.
- قريبة من وادي حنيفة.
- مناسبة للسكن العائلي.

📲 للمزيد من التفاصيل أو لحجز موعد للمعاينة، يرجى التواصل عبر الواتساب.",24.578191,46.71349,https://images.aqar.fm/webp/750x0/props/044193082_1780605580063.jpg | https://images.aqar.fm/webp/750x0/props/044193084_1780605580063.jpg | https://images.aqar.fm/webp/750x0/props/044193089_1780605580067.jpg | https://images.aqar.fm/webp/750x0/props/044193083_1780605580078.jpg | https://images.aqar.fm/webp/750x0/props/044193084_1780605580080.jpg | https://images.aqar.fm/webp/750x0/props/044193086_1780605580079.jpg | https://images.aqar.fm/webp/750x0/props/044193083_1780605580083.jpg | https://images.aqar.fm/webp/750x0/props/044193083_1780605580098.jpg | https://images.aqar.fm/webp/750x0/props/044193084_1780605580117.jpg,9,صالح بن مسعد بن عبداللطيف الحربي,شركة ديار فيو للخدمات العقارية,1,2026-06-04,2026-08-02,2026-08-02,251,2026-08-23,True,"850,000",False,فيلا
6834685,https://sa.aqar.fm/فلل-للبيع/الرياض/جنوب-الرياض/حي-الشفا/حي-الشفاء-مدينة-الرياض-منطقة-الرياض-6834685,"فيلا للبيع في حي الشفاء, مدينة الرياض, منطقة الرياض",800000,595,,1,0,11,حي الشفا,الرياض,جنوب الرياض,". https://maps.app.goo.gl/MDhznkEMqhb1uYP76?g_st=ic 
فرصة استثمارية 
البيع فيلا في حي الشفا 
البيت عبارة عن دورين مكون كل دور من ٥ غرف وصالة وحمامين ومطبخ في كل دور 
يوجد مشب بالخارج وحوش وكراج خاص بالسيارة ومدخلين مدخل جانبي ومدخل رئيسي بجانب الكراج 
يوجد بيت شعر  في السطح  عداد الكهرباء مفصول لكل دور عداد مستقل
مساحة الفيلا 5

السوم وصل 800 الف البيع فرق السوم 


مباشر المالك",24.570232,46.696554,https://images.aqar.fm/webp/750x0/props/053185965_1787347027104.jpg,1,نوره البقمي,مؤسسة رعد السحاب للخدمات العقارية,1,2026-08-21,2026-08-21,2026-08-22,91,2026-08-23,True,"800,000",False,فيلا
6768433,https://sa.aqar.fm/فلل-للبيع/الرياض/جنوب-الرياض/حي-الشفا/شارع-ابن-الشيخ-حي-الشفاء-مدينة-الرياض-منطقة-الرياض-6768433,"فيلا للبيع في شارع ابن الشيخ, حي الشفاء, مدينة الرياض, منطقة الرياض",1400000,241,,0,0,0,حي الشفا,الرياض,جنوب الرياض,"*الدبلكس*

الدور الأرضي /
مجلس ومقلط وصالة ومطبخ وحمامين وغرفة ماستر
ودرج داخلي يطلع فوق غرفتين ماستر
والحوش كبير ومدخل للسيارة
وخزان ماء خاص للدور الأرضي
وعداد كهرب كذلك

الدور العلوي /
مجلس ومقلط وصالة ومطبخ وحمام
والسطح تابع له فيه صالة وغرفتين ماستر وغرفة وحمام
ومدخل للسيارة
وخزان ماء خاص للدور العلوي
وعداد كهرب كذلك

*مساحة الأرض ٣٢٠م*",24.575784,46.71665,https://images.aqar.fm/webp/750x0/props/043725630_1783733149926.jpg | https://images.aqar.fm/webp/750x0/props/043725638_1783733149937.jpg | https://images.aqar.fm/webp/750x0/props/043725631_1783733149934.jpg | https://images.aqar.fm/webp/750x0/props/043725635_1783733149949.jpg | https://images.aqar.fm/webp/750x0/props/043725639_1783733149936.jpg | https://images.aqar.fm/webp/750x0/props/043725633_1783733149985.jpg | https://images.aqar.fm/webp/750x0/props/043725634_1783733149940.jpg | https://images.aqar.fm/webp/750x0/props/043725637_1783733149952.jpg | https://images.aqar.fm/webp/750x0/props/043725630_1783733185419.jpg | https://images.aqar.fm/webp/750x0/props/043725639_1783733185424.jpg | https://images.aqar.fm/webp/750x0/props/043725630_1783733185431.jpg | https://images.aqar.fm/webp/750x0/props/043725633_1783733185439.jpg | https://images.aqar.fm/webp/750x0/props/043725632_1783733185445.jpg | https://images.aqar.fm/webp/750x0/props/043725632_1783733185442.jpg | https://images.aqar.fm/webp/750x0/props/043725636_1783733185455.jpg | https://images.aqar.fm/webp/750x0/props/043725634_1783733185447.jpg | https://images.aqar.fm/webp/750x0/props/043725635_1783733199489.jpg | https://images.aqar.fm/webp/750x0/props/043725636_1783733199491.jpg | https://images.aqar.fm/webp/750x0/props/043725637_1783733199494.jpg | https://images.aqar.fm/webp/750x0/props/043725638_1783733199486.jpg | https://images.aqar.fm/webp/750x0/props/043725630_1783733243660.jpg | https://images.aqar.fm/webp/750x0/props/043725633_1783733243819.jpg | https://images.aqar.fm/webp/750x0/props/043725630_1783733243817.jpg | https://images.aqar.fm/webp/750x0/props/043725634_1783733243801.jpg | https://images.aqar.fm/webp/750x0/props/043725630_1783733243805.jpg | https://images.aqar.fm/webp/750x0/props/043725634_1783733243800.jpg | https://images.aqar.fm/webp/750x0/props/043725630_1783733243801.jpg | https://images.aqar.fm/webp/750x0/props/043725637_1783733243804.jpg | https://images.aqar.fm/webp/750x0/props/043725638_1783733268239.jpg | https://images.aqar.fm/webp/750x0/props/043725632_1783733268245.jpg,30,حسن علي يحي العلكمي,شركة دليل الاعمار العقارية,1,2026-07-11,2026-08-09,2026-08-19,232,2026-08-23,True,"1,400,000",False,فيلا
6694893,https://sa.aqar.fm/فلل-للبيع/الرياض/جنوب-الرياض/حي-الشفا/شارع-مليل-التغلبي-حي-الشفاء-مدينة-الرياض-منطقة-الرياض-6694893,"فيلا للبيع في شارع مليل التغلبي, حي الشفاء, مدينة الرياض, منطقة الرياض",1370000,247,,1,0,0,حي الشفا,الرياض,جنوب الرياض,"السلام عليكم ورحمة الله وبركاته 

للبيع دبلوكس متلاصق حي الشفاء قريبه

 من الخدمات 

المساحه 247.5 م

الواجهه .. غربيه .. شارع 20 متر 

 موقع مميز ..وصرف صحي 

مواصفات الفيلا يتكون

ملحق خارجي  ودورة مياة

مجلس رجال .. ودوره مياه ...صاله مفتوحه .. 
درج بالصاله عدد اربع غرف نوم علويه مع دوات مياه  .. 
غرفه نوم اضافيه في الملحق  .. مع غرفه عامله وغرفه غسيل  

القيمه 1380000 
🛑قابله للتفاوض المعقول 

للتواصل ابويزيد",24.563417,46.699483,https://images.aqar.fm/webp/750x0/props/003433028_1778647358773.jpg | https://images.aqar.fm/webp/750x0/props/003433022_1778647358903.jpg | https://images.aqar.fm/webp/750x0/props/003433022_1778647358939.jpg | https://images.aqar.fm/webp/750x0/props/003433025_1778647359029.jpg | https://images.aqar.fm/webp/750x0/props/003433029_1778647359019.jpg | https://images.aqar.fm/webp/750x0/props/003433021_1778647359091.jpg | https://images.aqar.fm/webp/750x0/props/003433023_1778647359200.jpg | https://images.aqar.fm/webp/750x0/props/003433022_1778647359239.jpg | https://images.aqar.fm/webp/750x0/props/003433025_1778647359290.jpg | https://images.aqar.fm/webp/750x0/props/003433028_1778647358773.jpg | https://images.aqar.fm/webp/750x0/props/003433022_1778647358903.jpg | https://images.aqar.fm/webp/750x0/props/003433022_1778647358939.jpg | https://images.aqar.fm/webp/750x0/props/003433025_1778647359029.jpg | https://images.aqar.fm/webp/750x0/props/003433029_1778647359019.jpg | https://images.aqar.fm/webp/750x0/props/003433021_1778647359091.jpg | https://images.aqar.fm/webp/750x0/props/003433023_1778647359200.jpg | https://images.aqar.fm/webp/750x0/props/003433022_1778647359239.jpg | https://images.aqar.fm/webp/750x0/props/003433025_1778647359290.jpg | https://images.aqar.fm/webp/750x0/props/003433027_1778649361893.jpg,19,عادل حمدان  محمد النزهان ,,,2026-05-13,2026-08-08,2026-08-13,1211,2026-08-23,True,"1,370,000",False,فيلا
6742487,https://sa.aqar.fm/فلل-للبيع/الرياض/جنوب-الرياض/حي-الشفا/شارع-أبي-نزار-الجمال-حي-الشفاء-مدينة-الرياض-منطقة-الرياض-6742487,"فيلا للبيع في شارع أبي نزار الجمال, حي الشفاء, مدينة الرياض, منطقة الرياض",3000000,1050,7,5,2,10,حي الشفا,الرياض,جنوب الرياض,"فيلا للبيع زاويه  حي الشفا بقيمة ارض 
المساحة 1050
الواجهة شمال غربي 
غرف النوم 7 
الصالات 2
دورات مياه 5 
عرض الشارع 30م شمالي 20م


البيع 3مليون
https://maps.app.goo.gl/uyXXPDVrsKacjt676?g_st=aw",24.553175,46.69636,https://images.aqar.fm/webp/750x0/props/033066686_1782082227794.jpg,1,بدر المطيري,شركة رموز المساكن للتطوير العقاري,1,2026-06-21,2026-08-19,2026-08-23,410,2026-08-23,True,"3,000,000",False,فيلا
6790951,https://sa.aqar.fm/فلل-للبيع/الرياض/جنوب-الرياض/حي-الشفا/شارع-عبدالله-النجدي-حي-الشفاء-مدينة-الرياض-منطقة-الرياض-6790951,"فيلا للبيع في شارع عبدالله النجدي, حي الشفاء, مدينة الرياض, منطقة الرياض",2500000,375,,5,5,0,حي الشفا,الرياض,جنوب الرياض,"فلتين ملتصقة مـســـــاحة الفلة الواحدة 375 متر
عقار بنظام أدوار مـــــفصولة لمن يرغب بالتملك الكلي أو الجزئي أوالاستثمار
تصميم عصري يحقق الخــــــــصوصية و الرفاهية بتشطـــــــيبات عالية الجودة 
عدادات كهرباء و ميــاة مستقلة مصعد يخـــــدم الدور الأول و الشقة العلوية
بامكانك زيارة المــوقع للاطلاع ونسعد بقبول تواصلكم

الدور الأرضي : السعر بــ 1,100,000 ريال 
مجلس رجال + صالة طعام + مطبخ و مستودع وغرفه خادمة+ صالة عائلية + غرفة ماستر رئيسية بعدد ٢+ غرفة نوم 

الدور الأول : الــسعر بــ 1,000,000 ريــال
مجلس رجال + صالة طعام + مطبخ و مستودع وغرفه خادمة + صالة عائلية + غرفة ماستر رئيسية ٢+ غرفة نوم

الدور العلوي : الــــــسعر بـــ 550,000 ريال
مجلس رجال  + صالة عائلة و معيشة + مطبخ و مستودع وغرفه خادمة + غرفة ماستر رئيسية",24.55535,46.682808,https://images.aqar.fm/webp/750x0/props/004680782_1786632154441.jpg | https://images.aqar.fm/webp/750x0/props/004680780_1786632154460.jpg | https://images.aqar.fm/webp/750x0/props/004680782_1786632154455.jpg | https://images.aqar.fm/webp/750x0/props/004680784_1786632154463.jpg | https://images.aqar.fm/webp/750x0/props/004680780_1786632154471.jpg | https://images.aqar.fm/webp/750x0/props/004680787_1786632154491.jpg | https://images.aqar.fm/webp/750x0/props/004680780_1786632154478.jpg | https://images.aqar.fm/webp/750x0/props/004680786_1786632154487.jpg | https://images.aqar.fm/webp/750x0/props/004680788_1786632154540.jpg | https://images.aqar.fm/webp/750x0/props/004680783_1786632154544.jpg | https://images.aqar.fm/webp/750x0/props/004680784_1786632154619.jpg | https://images.aqar.fm/webp/750x0/props/004680789_1786632154597.jpg | https://images.aqar.fm/webp/750x0/props/004680784_1786632154558.jpg | https://images.aqar.fm/webp/750x0/props/004680781_1786632154566.jpg | https://images.aqar.fm/webp/750x0/props/004680788_1786632154571.jpg | https://images.aqar.fm/webp/750x0/props/004680780_1786632154571.jpg | https://images.aqar.fm/webp/750x0/props/004680784_1786632154483.jpg | https://images.aqar.fm/webp/750x0/props/004680783_1786632154489.jpg | https://images.aqar.fm/webp/750x0/props/004680786_1786632154494.jpg | https://images.aqar.fm/webp/750x0/props/004680782_1786632154494.jpg | https://images.aqar.fm/webp/750x0/props/004680785_1786632154566.jpg | https://images.aqar.fm/webp/750x0/props/004680788_1786632154589.jpg | https://images.aqar.fm/webp/750x0/props/004680789_1786632154576.jpg | https://images.aqar.fm/webp/750x0/props/004680786_1786632154529.jpg | https://images.aqar.fm/webp/750x0/props/004680780_1786632174062.jpg,25,ياسر بن سعد بن مهدي القحطاني,,,2026-07-26,2026-07-26,2026-08-16,548,2026-08-23,True,"2,500,000",False,فيلا
6722942,https://sa.aqar.fm/فلل-للبيع/الرياض/جنوب-الرياض/حي-الشفا/شارع-علي-بن-أحمد-الظفري-حي-الشفاء-مدينة-الرياض-منطقة-الرياض-6722942,"فيلا للبيع في شارع علي بن أحمد الظفري, حي الشفاء, مدينة الرياض, منطقة الرياض",1150000,600,4,3,2,11,حي الشفا,الرياض,جنوب الرياض,"للبيع فيلا قديمة

تتكون من دورين مفصولة 
الدور الأرضي يتكون من ثلاث غرف نوم ودورتين مياه وصاله 
مجلس 
ملقط 
ملحق خارجي مع دورة مياه

الدور الأول يتكون من ثلاث غرف 
صاله
 مقلط
 مجلس 
والسطح يتكون من غرفتين  صاله 
الدور الاول مع الملحق موجره


السوم مليون و 100 الف صافي 
البيع مليون و 150 الف صافي
 
مزيد من التفاصيل تواصل وتساب ((الرقم يظهر عند الضغط على اتصال))

نسوق عروضكم العقاريه
ونرحب بالجميع

مكتب المتابعه للعقارات حي الشفاء",24.571934,46.714653,https://images.aqar.fm/webp/750x0/props/002324848_1780850407595.jpg | https://images.aqar.fm/webp/750x0/props/002324849_1780850407817.jpg | https://images.aqar.fm/webp/750x0/props/002324846_1780850407917.jpg,3,محمد بجير عبدالله آل بجير,,0,2026-06-07,2026-07-06,2026-08-21,1187,2026-08-23,True,"1,150,000",False,فيلا
6702578,https://sa.aqar.fm/فلل-للبيع/الرياض/جنوب-الرياض/حي-الشفا/شارع-البليدة-حي-الشفاء-مدينة-الرياض-منطقة-الرياض-6702578,"فيلا للبيع في شارع البليدة, حي الشفاء, مدينة الرياض, منطقة الرياض",850000,223,4,,,1,حي الشفا,الرياض,جنوب الرياض,"فيلا للبيع
 الحي : الشفا
المساحة: 223 متر مربع

التفاصيل:

الدور الأرضي:

	•	مجلس رجال.
	•	صالة عائلية.
	•	مطبخ.
	•	مخزن.
	•	دورتا مياه.

الدور الأول:

	•	أربع غرف نوم (غرفتان ماستر مع حمام خاص).
	•	حمام إضافي يخدم باقي الغرف.

الدور الثاني:

	•	صالة واسعة.
	•	دورة مياه.
	•	سطح بإطلالة مميزة.

مميزات الموقع:

	•	قربها من طريق الملك فهد.
	•	قربها من وادي حنيفة.

السوم وصل 820 الف

البيع 850 الف

مباشر من المالك",24.578191,46.71349,https://images.aqar.fm/webp/750x0/props/005910738_1779116649598.jpg,1,صالح بن عبيد بن عايش العنزي,مكتب ابداع الصحافة للخدمات العقارية,1,2026-05-18,2026-08-15,2026-08-15,394,2026-08-23,True,"850,000",False,فيلا
6703889,https://sa.aqar.fm/فلل-للبيع/الرياض/جنوب-الرياض/حي-الشفا/شارع-البركات-بن-الخطاب-حي-الشفاء-مدينة-الرياض-منطقة-الرياض-6703889,"فيلا للبيع في شارع البركات بن الخطاب, حي الشفاء, مدينة الرياض, منطقة الرياض",1200000,200,6,3,1,0,حي الشفا,الرياض,جنوب الرياض,"للبيع فلة دبلكس مساحة 200 متلاصقة جديدة
تصميم مميز 

تحتوي الفله الدور الارضي مجلس  - مقلط - صاله كبيره - مطبخ - دورتين مياه
الدور الاول غرفتين نوم ماستر - غرفتين نوم بينهما دورة مياه 
الدور الثاني غرفة نوم ماستر - غرفه عامله بدورة مياه وغرفه غسيل - سطح  .
مؤسّس مصعد
جميع الضمانات موجوده - وتامين شركة ملاذ والتعاونيه .
وتقبل الشراء عن طريق البنك",24.576835,46.709419,https://images.aqar.fm/webp/750x0/props/020174028_1780506497925.jpg | https://images.aqar.fm/webp/750x0/props/020174025_1780506497923.jpg | https://images.aqar.fm/webp/750x0/props/020174022_1780506497935.jpg | https://images.aqar.fm/webp/750x0/props/020174029_1780506497926.jpg | https://images.aqar.fm/webp/750x0/props/020174028_1780506497937.jpg | https://images.aqar.fm/webp/750x0/props/020174024_1780506497931.jpg | https://images.aqar.fm/webp/750x0/props/020174020_1780506497931.jpg | https://images.aqar.fm/webp/750x0/props/020174024_1780506497901.jpg,8,ابراهيم محمد,,,2026-05-19,2026-07-16,2026-08-18,642,2026-08-23,True,"1,200,000",False,فيلا
6823545,https://sa.aqar.fm/فلل-للبيع/الرياض/جنوب-الرياض/حي-الشفا/شارع-محمد-السدوسي-حي-الشفاء-مدينة-الرياض-منطقة-الرياض-6823545,"فيلا للبيع في شارع محمد السدوسي, حي الشفاء, مدينة الرياض, منطقة الرياض",1200000,500,7,0,0,11,حي الشفا,الرياض,جنوب الرياض,فيلا قديمة بحي الشفاء ظهيره شارع الستين ابن تيميه تنفع للتطوير العقاري على شارعين ١٥ م قابله للفرز  عددادين كهرباء وعداد ماء منطقه حيويه وقريبه من شوارع تجاريه شارع عبدالله بن عسكر وشارع الستين بين تيميه,24.555573,46.700783,https://images.aqar.fm/webp/750x0/props/001850894_1786800822023.jpg | https://images.aqar.fm/webp/750x0/props/001850891_1786800822039.jpg | https://images.aqar.fm/webp/750x0/props/001850893_1786800822033.jpg | https://images.aqar.fm/webp/750x0/props/001850891_1786800822160.jpg | https://images.aqar.fm/webp/750x0/props/001850899_1786800822164.jpg,5,معدي عبدالله حسن ربيع,,,2026-08-15,2026-08-15,2026-08-18,375,2026-08-23,True,"1,200,000",False,فيلا
6734614,https://sa.aqar.fm/فلل-للبيع/الرياض/جنوب-الرياض/حي-الشفا/شارع-ابن-الشيخ-حي-الشفاء-مدينة-الرياض-منطقة-الرياض-6734614,"فيلا للبيع في شارع ابن الشيخ, حي الشفاء, مدينة الرياض, منطقة الرياض",1400000,241,3,0,0,0,حي الشفا,الرياض,جنوب الرياض,"*الدبلكس*

الدور الأرضي /
مجلس ومقلط وصالة ومطبخ وحمامين وغرفة ماستر
ودرج داخلي
وفوق غرفتين ماستر
ومدخل خاص للسيارة
وخزان ماء خاصة
وعداد كهرب خاص

الدور العلوي /
مجلس ومقلط وصالة ومطبخ وحمام
والسطح تابع للدور العلوي فيه صالة وغرفتين ماستر وغرفة وحمام
ومدخل خاص للسيارة
وخزان ماء خاصة
وعداد كهرب خاص",24.575758,46.716698,https://images.aqar.fm/webp/750x0/props/026116188_1781590504106.jpg,1,عبدالعزيز فهد محمد سميح,مكتب عبدالعزيز فهد بن سميح العقاري,1,2026-06-16,2026-08-18,2026-08-22,173,2026-08-23,True,"1,400,000",False,فيلا
6765459,https://sa.aqar.fm/فلل-للبيع/الرياض/جنوب-الرياض/حي-الشفا/شارع-حسن-بن-دينار-حي-الشفاء-مدينة-الرياض-منطقة-الرياض-6765459,"فيلا للبيع في شارع حسن بن دينار, حي الشفاء, مدينة الرياض, منطقة الرياض",800000,324,,4,2,11,حي الشفا,الرياض,جنوب الرياض,"رقم العرض: 3058

🏡 فيلا قديمة للبيع – حي الشفا

📍 الموقع: حي الشفا (القديمة)، قريبة من درب الشفا.
📐 المساحة: 324 م²
🧭 الواجهة: شرقية
🛣 الشارع: 15 متر


العقار عبارة عن دورين مفصولة. متلاصق مع الجار (دوبلكس).

الدور الأرضي:

- 4 غرف.
- 3 دورات مياه.
- صالة.
- مقلط.
- مطبخ.
- حوش.
- حوش خلفي.
- مجدد بالكامل.

الدور الأول:

- 4 غرف.
- 3 دورات مياه.
- بلكونة.
- سطح.

     الدور العلوي مؤجرة حاليًا بقيمة 22,000 ريال سنويًا.

📲 للاستفسار والمعاينة يرجى التواصل واتساب.",24.566447,46.689555,https://images.aqar.fm/webp/750x0/props/044193084_1784532057396.jpg | https://images.aqar.fm/webp/750x0/props/044193084_1784532057386.jpg,2,صالح بن مسعد بن عبداللطيف الحربي,شركة ديار فيو للخدمات العقارية,1,2026-07-08,2026-08-06,2026-08-06,1799,2026-08-23,True,"800,000",False,فيلا
6809631,https://sa.aqar.fm/فلل-للبيع/الرياض/جنوب-الرياض/حي-الشفا/شارع-الأمير-ناصر-بن-سعود-بن-فرحان-آل-سعود-حي-الشفاء-مدينة-الرياض-منطقة-الرياض-6809631,"فيلا للبيع في شارع الأمير ناصر بن سعود بن فرحان آل سعود, حي الشفاء, مدينة الرياض, منطقة الرياض",2800000,1050,,5,2,11,حي الشفا,الرياض,جنوب الرياض,"وصف العقار : 
- فيلا بحي الشفاء للبيع  
- ⁠شارع ابن طولون شارعين شارع 30 تجاري 
- ⁠الفيلا على زاويه 
- ⁠عمر العقار 35 سنه 
- ⁠
- ⁠فيلا دورين شبه مقسومه وكل دور له مدخل 
- ⁠الفيلا مجددة ب الكامل تجديد مودرن قبل اربع سنوات 
1050 م- ⁠
- الدور الارضي يتكون من :
- ⁠عدد الغرف : 5
- ⁠وغرفه غسيل 
- ⁠صاله 
- ⁠عدد المطابخ 2
- ⁠عدد دورات المياه 3

الدور العلوي يتكون من :
عدد الغرف : 7
عدد دورات المياه : 3
عدد الصالات : 1
عدد المطابخ : 1 
+سطح يتكون من غرفه ودوره مياه 

⁠
      ✨مميزات:

قريبه من المسجد 
قريبه من المدارس 
على زاويه ⁠
قريب من الغاز 

عمر العقار : 35 

📍موقع العقار: 
- حي الشفاء
https://maps.app.goo.gl/uyXXPDVrsKacjt676?g_st=aw- ⁠  

🏷️سعر البيع :
(3,200,000)",24.553175,46.69636,https://images.aqar.fm/webp/750x0/props/053542498_1786041244354.jpg | https://images.aqar.fm/webp/750x0/props/053542493_1786041252898.jpg | https://images.aqar.fm/webp/750x0/props/053542497_1786041252987.jpg | https://images.aqar.fm/webp/750x0/props/053542499_1786041253024.jpg | https://images.aqar.fm/webp/750x0/props/053542494_1786041252992.jpg,5,عبدالمجيد الوليعي,مؤسسة ارت فنش للخدمات العقارية,1,2026-08-06,2026-08-06,2026-08-23,155,2026-08-23,True,"2,800,000",False,فيلا
6812442,https://sa.aqar.fm/فلل-للبيع/الرياض/جنوب-الرياض/حي-الشفا/شارع-كعب-بن-حذيفة-حي-الشفا-الرياض-منطقة-الرياض-6812442,فيلا للبيع في شارع كعب بن حذيفة ، حي الشفا ، الرياض ، منطقة الرياض,820000,195,3,3,2,1,حي الشفا,الرياض,جنوب الرياض,,24.564137,46.702068,https://images.aqar.fm/webp/750x0/props/013128472_1786272326077.jpg | https://images.aqar.fm/webp/750x0/props/013128474_1786272326293.jpg | https://images.aqar.fm/webp/750x0/props/013128471_1786272326071.jpg | https://images.aqar.fm/webp/750x0/props/013128473_1786272326081.jpg | https://images.aqar.fm/webp/750x0/props/013128476_1786272326277.jpg | https://images.aqar.fm/webp/750x0/props/013128475_1786272326078.jpg | https://images.aqar.fm/webp/750x0/props/013128476_1786272326065.jpg | https://images.aqar.fm/webp/750x0/props/013128472_1786272326243.jpg,8,بسام الوشمي,,,2026-08-09,,2026-08-11,24,2026-08-23,False,طلب تسويق,False,فيلا
6804514,https://sa.aqar.fm/فلل-للبيع/الرياض/جنوب-الرياض/حي-الشفا/شارع-السنجاري-حي-الشفاء-مدينة-الرياض-منطقة-الرياض-6804514,"فيلا للبيع في شارع السنجاري, حي الشفاء, مدينة الرياض, منطقة الرياض",1250000,237,4,4,0,0,حي الشفا,الرياض,جنوب الرياض,"🛑فيلا زاوية للبيع 🛑

المساحة : 237 متر

الدور الأرضي: مجلس خارجي+مجلس داخلي+مقلط+ صالة+مطبخ+٢ دورة مياه.

 الدور الأول : ٣ غرف نوم كالتالي: 1 غرفة ماستر وغرفتين بدورة مياه بدون سطح.

السعر (مليون و٢٥٠)

المشروع مميز والموقع استراتيجي والتنفيذ بجودة عالية 
ملاحظة : الأسعار غير شاملة الضريبة والسعي .

للتواصل :
 ((الرقم يظهر عند الضغط على اتصال))
((الرقم يظهر عند الضغط على اتصال))",24.562008,46.683486,https://images.aqar.fm/webp/750x0/props/035957993_1785786264988.jpg | https://images.aqar.fm/webp/750x0/props/035957994_1785786264868.jpg,2,عبدالله محمد احمد الشريف,,,2026-08-03,2026-08-03,2026-08-23,359,2026-08-23,True,"1,250,000",False,فيلا
6637093,https://sa.aqar.fm/فلل-للبيع/الرياض/جنوب-الرياض/حي-الشفا/شارع-النابغة-الجعدي-حي-الشفاء-مدينة-الرياض-منطقة-الرياض-6637093,"فيلا للبيع في شارع النابغة الجعدي, حي الشفاء, مدينة الرياض, منطقة الرياض",1700000,319,,5,2,11,حي الشفا,الرياض,جنوب الرياض,"فرررررررررصه ممتازه 
 للبيع فيلا زواية 
في حي الشفاء 
درج داخلي + شقه دورين 

*موقع مميز خلف اسواق سيتي مول 
قريب من جميع الخدمات مدارس ومسجد وطريق ديراب .

مساحتها 319 متر
زاوية على شارعين
*شارع 25 م شمالي
*شارع 15 شرقي 
العمر  11سنه
——————————
*عليها مديونية للبنك
650 الف
*السعر المطلوب
 شامل قيمة المديونة
(مليون و700 ) 
غيرالضريبةوالسعى 

(سيمت الفيلا بمليون و550 الف)

*الفيلا ساكنه
 يلزم موعد مسبق للمعاينة
*الموصفات :
الدور الأرضي :
محلق خارجي مع شب +دورة مياه
ومجلس ومقلط ودورة مياه وصالة كبيرة ومطبخ ومستودع ودورة مياه .
الدور الثاني :
صالة غرفة رئيسية بدورة مياه وغرفتين ودورة مياه .
الدور الثالث :
غرفة خادمة بدورة مياه + مكان مخصص للغسالات
والغسيل +سطح .
___________________
*شقة بمدخل خاص مكون من دورين 
الدور الاول : 
مجلس + دروة مياه + صالة +مطبخ +دورة مياه كبيرة.
الدور الثاني:
غرفة رئيسية بدورة مياه غرفتين +دورة مياه.
___________
غرفة سائق خارجي بمدخل خاص+ دورة مياه.
التواصل 

مؤسسة الاعمار الذكيه 

0533009052 واتساب
0533008447 واتساب",24.563263,46.68694,https://images.aqar.fm/webp/750x0/props/037868743_1774991789474.jpg | https://images.aqar.fm/webp/750x0/props/037868748_1774991789566.jpg | https://images.aqar.fm/webp/750x0/props/037868741_1774991789433.jpg | https://images.aqar.fm/webp/750x0/props/037868740_1774991789411.jpg | https://images.aqar.fm/webp/750x0/props/037868746_1774991789478.jpg | https://images.aqar.fm/webp/750x0/props/037868747_1774991789747.jpg,6,عبدالله بن حمد بن عبدالله العامر,مؤسسة الإعمار الذكيه للخدمات العقارية,1,2026-03-31,2026-07-26,2026-08-23,2962,2026-08-23,True,"1,700,000",False,فيلا
6779853,https://sa.aqar.fm/فلل-للبيع/الرياض/جنوب-الرياض/حي-الشفا/شارع-ابن-الخياري-حي-الشفاء-مدينة-الرياض-منطقة-الرياض-6779853,"فيلا للبيع في شارع ابن الخياري, حي الشفاء, مدينة الرياض, منطقة الرياض",920000,191,7,5,2,0,حي الشفا,الرياض,جنوب الرياض,"🏡 أدوار الشفاء السكنية
📍 الموقع مميز
✨ تصاميم فاخرة
📞 للتواصل: ((الرقم يظهر عند الضغط على اتصال))
 • على طريق المثنى بن حارثه
• 3 دقائق من أسواق العودة
• 3 دقائق من طريق ابن تيمية
• 6 دقائق من طريق الملك فهد
• 10 دقائق من محطة المترو
✅ مُصمم وفق الكود السعودي
✅ ضمانات شاملة من سنه حتى 25 سنة
━━━━━━━━━━━━━━━
🔹 فيلا دور أرضي (زاوية) على شارعين
✔️ عداد كهرباء خاص
✔️ خزان وعداد ماء خاص
✔️ مدخلين
✔️ مجلس
✔️ صالة
✔️ مطبخ + مستودع
✔️ غرفة خادمة مع دورة مياه
✔️ 4 غرف نوم ماستر
✔️ 5 دورات مياه
✨ المساحه : 325
💰 السعر: 920,000 ريال
📍 الموقع : 
https://maps.app.goo.gl/VkKDFZiN9qWRkXHY7?g_st=iw",24.560862,46.702623,https://images.aqar.fm/webp/750x0/props/005715181_1784400969202.jpg | https://images.aqar.fm/webp/750x0/props/005715187_1784400969193.jpg | https://images.aqar.fm/webp/750x0/props/005715188_1784400969191.jpg | https://images.aqar.fm/webp/750x0/props/005715184_1784400969201.jpg | https://images.aqar.fm/webp/750x0/props/005715183_1784400969510.jpg | https://images.aqar.fm/webp/750x0/props/005715180_1784400969208.jpg | https://images.aqar.fm/webp/750x0/props/005715187_1784400969210.jpg | https://images.aqar.fm/webp/750x0/props/005715189_1784400969181.jpg,8,محمد المحمود,,,2026-07-18,2026-07-18,2026-08-23,726,2026-08-23,True,"920,000",False,فيلا
6743881,https://sa.aqar.fm/فلل-للبيع/الرياض/جنوب-الرياض/حي-الشفا/شارع-جبل-العوصاء-حي-الشفاء-مدينة-الرياض-منطقة-الرياض-6743881,"فيلا للبيع في شارع جبل العوصاء, حي الشفاء, مدينة الرياض, منطقة الرياض",1150000,300,,7,2,11,حي الشفا,الرياض,جنوب الرياض,"فيلا دبلكس متلاصق للبيع بحي الشفا 
مساحتها 300 واجهتها جنوبية
سعر البيع مليون و 150 ألف صافي
دورين مفصولة 
أمامها مرفق حكومي مواقف سيارات
عدادين كهرباء وعداد مياه
العمر تقريبا 25 سنة 
فاضية جاهزة للسكن أو للاستثمار
يتكون الدور الارضي من :
خيمة خارجية
مجلس ومقلط ودورة مياه ومغاسل
صالة ومطبخ و 2 ودورة مياه و 2 غرفة نوم
مستودع خارجي
الدور الأول يتكون من :
مجلس ومقلط ودورة مياه ومغاسل 
صالة ومطبخ و 2 دورة مياه و 2 غرفة نوم
في السطح غرفة ومغسلة ودورة مياه وسطح
يوجد مقطع فيديو لمن يرغب مشاهدته التواصل على الواتس
مكتب منزلك للعقارات
((الرقم يظهر عند الضغط على اتصال))",24.557285,46.695232,https://images.aqar.fm/webp/750x0/props/004633224_1782160774250.jpg | https://images.aqar.fm/webp/750x0/props/004633220_1782160774160.jpg | https://images.aqar.fm/webp/750x0/props/004633220_1782160774159.jpg | https://images.aqar.fm/webp/750x0/props/004633224_1782160774244.jpg | https://images.aqar.fm/webp/750x0/props/004633224_1782160774181.jpg | https://images.aqar.fm/webp/750x0/props/004633229_1782160774276.jpg | https://images.aqar.fm/webp/750x0/props/004633221_1782160774155.jpg | https://images.aqar.fm/webp/750x0/props/004633224_1782160774165.jpg | https://images.aqar.fm/webp/750x0/props/004633223_1782160774168.jpg | https://images.aqar.fm/webp/750x0/props/004633227_1782160774162.jpg | https://images.aqar.fm/webp/750x0/props/004633222_1782160774246.jpg | https://images.aqar.fm/webp/750x0/props/004633223_1782160774182.jpg | https://images.aqar.fm/webp/750x0/props/004633221_1782160774260.jpg | https://images.aqar.fm/webp/750x0/props/004633223_1782160774241.jpg | https://images.aqar.fm/webp/750x0/props/004633222_1782160774157.jpg,15,عبدالعزيز بن عبدالرحمن بن محمد الشعلان,مكتب منزلك للعقارات,1,2026-06-22,2026-08-20,2026-08-20,1430,2026-08-23,True,"1,150,000",False,فيلا
6610298,https://sa.aqar.fm/فلل-للبيع/الرياض/جنوب-الرياض/حي-الشفا/شارع-الرمال-حي-الشفاء-مدينة-الرياض-منطقة-الرياض-6610298,"فيلا للبيع في شارع الرمال, حي الشفاء, مدينة الرياض, منطقة الرياض",1000000,226,6,5,2,1,حي الشفا,الرياض,جنوب الرياض,"فيلا للبيع حي الشفاء 
شارع 20
الدور الاول اربع غرف نوم 2 مساتر و 3 دورات مياه 
الدور الارضي مجلس رجالي وصاله  ومطبخ 2 دوره مياه ومستودع
الملحق  غرفه مع دوره مياه وسطح
مساحه 226
عمر العقار سنة
السعر مليون",24.570804,46.720617,https://images.aqar.fm/webp/750x0/props/047715272_1772391168339.jpg,1,محمد منصور ناصر,مكتب رواد الملقا للخدمات العقارية,1,2026-03-01,2026-07-29,2026-07-29,2401,2026-08-23,True,"1,000,000",False,فيلا
6757066,https://sa.aqar.fm/فلل-للبيع/الرياض/جنوب-الرياض/حي-الشفا/شارع-أحمد-القزويني-حي-الشفا-الرياض-منطقة-الرياض-6757066,فيلا للبيع في شارع أحمد القزويني ، حي الشفا ، الرياض ، منطقة الرياض,2400,535,7,5,3,13,حي الشفا,الرياض,جنوب الرياض,فله واجهتين شارع ٢٥ معها اربع شقق,24.563604,46.698257,https://images.aqar.fm/webp/750x0/props/004825149_1783000444657.jpg | https://images.aqar.fm/webp/750x0/props/004825141_1783000444655.jpg,2,بدريه بنت عبدالرحمن ابراهيم المطيويع,,,2026-07-02,,2026-07-02,84,2026-08-23,False,طلب تسويق,False,فيلا
6613159,https://sa.aqar.fm/فلل-للبيع/الرياض/جنوب-الرياض/حي-الشفا/شارع-البليدة-حي-الشفاء-مدينة-الرياض-منطقة-الرياض-6613159,"فيلا للبيع في شارع البليدة, حي الشفاء, مدينة الرياض, منطقة الرياض",850000,223,6,1,0,0,حي الشفا,الرياض,جنوب الرياض,"فيلا للبيع
 الحي : الشفا
المساحة: 223 متر مربع

التفاصيل:

الدور الأرضي:

	•	مجلس رجال.
	•	صالة عائلية.
	•	مطبخ.
	•	مخزن.
	•	دورتا مياه.
الدور الأول:
	•	أربع غرف نوم (غرفتان ماستر مع حمام خاص).
	•	حمام إضافي يخدم باقي الغرف.
الدور الثاني:

	•	صالة واسعة.
	•	دورة مياه.
	•	سطح بإطلالة مميزة.

مميزات الموقع:

	•	قربها من طريق الملك فهد.
	•	قربها من وادي حنيفة.

للمزيد من المعلومات أو لتحديد موعد للزيارة، يرجى التواصل:",24.578191,46.71349,https://images.aqar.fm/webp/750x0/props/045602828_1772571830606.jpg,1,عيد عبدالرحمن مناحي العتيبي,مؤسسة سطوع الخيال للتجارة,1,2026-03-03,2026-07-09,2026-08-17,413,2026-08-23,True,"850,000",False,فيلا
6671318,https://sa.aqar.fm/فلل-للبيع/الرياض/جنوب-الرياض/حي-الشفا/شارع-يوسف-الأزدي-حي-الشفاء-مدينة-الرياض-منطقة-الرياض-6671318,"فيلا للبيع في شارع يوسف الأزدي, حي الشفاء, مدينة الرياض, منطقة الرياض",1700000,750,,5,2,11,حي الشفا,الرياض,جنوب الرياض,"فيلا للبيع 
مساحة 750م
العمر 35 سنه تقريبا
دورين مفصولة كل دور 5 غرف 
ملاحق خارجية 
للتواصل 
566623480

504429652",24.558372,46.702439,https://images.aqar.fm/webp/750x0/props/038547010_1777259580822.jpg | https://images.aqar.fm/webp/750x0/props/038547012_1777259624601.jpg | https://images.aqar.fm/webp/750x0/props/038547019_1777259642975.jpg | https://images.aqar.fm/webp/750x0/props/038547017_1777259642971.jpg | https://images.aqar.fm/webp/750x0/props/038547011_1777259716321.jpg,5,محمد عبدالرحمن ابراهيم نقيه,مكتب محمد عبدالرحمن ابراهيم نقيه للعقارات,1,2026-04-27,2026-04-27,2026-08-16,767,2026-08-23,True,"1,700,000",False,فيلا
6731086,https://sa.aqar.fm/فلل-للبيع/الرياض/جنوب-الرياض/حي-الشفا/شارع-البقيع-حي-الشفا-الرياض-منطقة-الرياض-6731086,فيلا للبيع في شارع البقيع ، حي الشفا ، الرياض ، منطقة الرياض,3200000,1050,7,5,2,33,حي الشفا,الرياض,جنوب الرياض,"فيلا للبيع حي الشفا ابن طولون شارع ٣٠ متر وشارع شمالي ٢٠ متر وتتكون من دوريين مفصوله وتتميز بموقعها على شارعين ومجدده منذ عام ١٤٤٢ هجري مودرن وقريبة من شارع الستين الأبراج
الفيلا معروضة للبيع بدون اثاث",24.560774,46.699284,https://images.aqar.fm/webp/750x0/props/046964172_1781360644864.jpg | https://images.aqar.fm/webp/750x0/props/046964177_1781360644938.jpg | https://images.aqar.fm/webp/750x0/props/046964178_1781360684699.jpg,3,البندري بنت سعد بن حسن المقبس,,,2026-06-13,,2026-08-23,127,2026-08-23,False,طلب تسويق,False,فيلا
6757092,https://sa.aqar.fm/فلل-للبيع/الرياض/جنوب-الرياض/حي-الشفا/شارع-احمد-القزويني-حي-الشفا-الرياض-منطقة-الرياض-6757092,فيلا للبيع في شارع احمد القزويني ، حي الشفا ، الرياض ، منطقة الرياض,2400,535,7,5,3,13,حي الشفا,الرياض,جنوب الرياض,فله مستقله بصك ومعها اربع شقق بصك,24.563581,46.698208,https://images.aqar.fm/webp/750x0/props/004825146_1783002433718.jpg | https://images.aqar.fm/webp/750x0/props/004825142_1783002433716.jpg | https://images.aqar.fm/webp/750x0/props/004825146_1783002433722.jpg | https://images.aqar.fm/webp/750x0/props/004825144_1783002433720.jpg | https://images.aqar.fm/webp/750x0/props/004825148_1783002433721.jpg,5,بدريه بنت عبدالرحمن ابراهيم المطيويع,,,2026-07-02,,2026-07-02,127,2026-08-23,False,طلب تسويق,False,فيلا
6569975,https://sa.aqar.fm/فلل-للبيع/الرياض/جنوب-الرياض/حي-الشفا/شارع-البنان-حي-الشفاء-مدينة-الرياض-منطقة-الرياض-6569975,"فيلا للبيع في شارع البنان, حي الشفاء, مدينة الرياض, منطقة الرياض",800000,211,4,4,1,0,حي الشفا,الرياض,جنوب الرياض,"*تاون هاوس للبيع بحى الشفاء 
يتكون من :مجلس ومقلط وصالة ومطبخ وحمامين وغرفة ماستر
وفوق غرفتين ماستر

*الخدمات خزان أرضي خاص وخزان علوي خاص وعداد كهرب خاص ومدخل سيارة خاص
جميع الضمانات موجودة 
البناء مطابق للكود السعودى 
متوفر لدينا عروض بجميع مخططات الرياض
نتعامل مع جميع البنوك وشركات التمويل",24.578355,46.714197,https://images.aqar.fm/webp/750x0/props/043198544_1769877292172.jpg | https://images.aqar.fm/webp/750x0/props/043198548_1769877292156.jpg | https://images.aqar.fm/webp/750x0/props/043198543_1769877292157.jpg | https://images.aqar.fm/webp/750x0/props/043198547_1769877292168.jpg,4,ورده علي احمد الناشري,مؤسسة الهرم الرابع للعقارات,1,2026-01-31,2026-07-25,2026-07-29,2696,2026-08-23,True,"800,000",False,فيلا
6651243,https://sa.aqar.fm/فلل-للبيع/الرياض/جنوب-الرياض/حي-الشفا/شارع-أحمد-القزويني-حي-الشفاء-مدينة-الرياض-منطقة-الرياض-6651243,"فيلا للبيع في شارع أحمد القزويني, حي الشفاء, مدينة الرياض, منطقة الرياض",1250000,315,,5,3,8,حي الشفا,الرياض,جنوب الرياض,"فله للبيع 
حي الشفاء 
مساحه 315م
شارعين25/20
دبلوكس مفصوله من الامام متصله من الخلف
تتكون من
اربع غرف ولخامسه ملحق
واربع حمامات تحت وواحد بلملحق
وست غرف بدور الاول وصاله واربع حمامات

والدور الصطح غرفه وصاله كبيره وحمام وسطح

حره تقبل البنك بدون دعم

*البيع مليون و250 الف*


*يوجد 4 شقق في الخلف بصك منفصل*
*البيع لشقق ب مليون و230 الف بصك منفصل*
*او البيع للفله والشقق بمليونين و400 الف*


https://maps.google.com/?q=24.563108,46.697449

*🔴السعي في ذمه من يوصل العقار من طرف مكتبنا🔴*",24.563285,46.697596,https://images.aqar.fm/webp/750x0/props/005405667_1775985802492.jpg | https://images.aqar.fm/webp/750x0/props/005405663_1775985808723.jpg,2,مساعد محمد بن علي الزهراني,مكتب مساعد محمد بن علي الزهراني للعقارات,1,2026-04-12,2026-08-06,2026-08-06,3161,2026-08-23,True,"1,250,000",False,فيلا
6770780,https://sa.aqar.fm/فلل-للبيع/الرياض/جنوب-الرياض/حي-الشفا/شارع-البليدة-حي-الشفاء-مدينة-الرياض-منطقة-الرياض-6770780,"فيلا للبيع في شارع البليدة, حي الشفاء, مدينة الرياض, منطقة الرياض",850000,223,4,5,0,3,حي الشفا,الرياض,جنوب الرياض,"فيلا دبلكس للبيع
 الحي : الشفا
المساحة: 223 متر مربع

التفاصيل:

الدور الأرضي:

	•	مجلس رجال.
	•	صالة عائلية.
	•	مطبخ.
	•	مخزن.
	•	دورتا مياه.

الدور الأول:

	•	أربع غرف نوم (غرفتان ماستر مع حمام خاص).
	•	حمام إضافي يخدم باقي الغرف.

الدور الثاني:

	•	صالة واسعة.
	•	دورة مياه.
	•	سطح بإطلالة مميزة.

مميزات الموقع:

	•	قربها من طريق الملك فهد.
	•	قربها من وادي حنيفة.
يوجد لها ضمانات بعضها تصل 25 سنه 


السوم 850 الف والبيع قريب

الفيلا عليها مبلغ رهن عقاري لاكن المالك مستعد يسدد المبلغ ويحرر الفيلا للمشتري الصامل

للمزيد من المعلومات أو لتحديد موعد للزيارة، يرجى التواصل:
((الرقم يظهر عند الضغط على اتصال))",24.578191,46.71349,https://images.aqar.fm/webp/750x0/props/017059905_1783880926456.jpg | https://images.aqar.fm/webp/750x0/props/017059904_1783880926465.jpg | https://images.aqar.fm/webp/750x0/props/017059905_1783880926471.jpg | https://images.aqar.fm/webp/750x0/props/017059903_1783880926460.jpg | https://images.aqar.fm/webp/750x0/props/017059908_1783880926405.jpg | https://images.aqar.fm/webp/750x0/props/017059904_1783880926459.jpg | https://images.aqar.fm/webp/750x0/props/017059902_1783880926461.jpg | https://images.aqar.fm/webp/750x0/props/017059905_1783880958635.jpg | https://images.aqar.fm/webp/750x0/props/017059907_1783880958645.jpg | https://images.aqar.fm/webp/750x0/props/017059901_1783880958728.jpg | https://images.aqar.fm/webp/750x0/props/017059907_1783880958760.jpg | https://images.aqar.fm/webp/750x0/props/017059903_1783881504674.jpg | https://images.aqar.fm/webp/750x0/props/017059902_1783881504707.jpg | https://images.aqar.fm/webp/750x0/props/017059900_1783881504678.jpg | https://images.aqar.fm/webp/750x0/props/017059904_1783881504691.jpg | https://images.aqar.fm/webp/750x0/props/017059906_1783881504736.jpg | https://images.aqar.fm/webp/750x0/props/017059900_1783881504731.jpg | https://images.aqar.fm/webp/750x0/props/017059902_1783881504730.jpg,18,محمد حسن,,,2026-07-12,2026-08-11,2026-08-14,192,2026-08-23,True,"850,000",False,فيلا
6640410,https://sa.aqar.fm/فلل-للبيع/الرياض/جنوب-الرياض/حي-الشفا/شارع-البليدة-حي-الشفاء-مدينة-الرياض-منطقة-الرياض-6640410,"فيلا للبيع في شارع البليدة, حي الشفاء, مدينة الرياض, منطقة الرياض",850000,223,5,1,0,1,حي الشفا,الرياض,جنوب الرياض,"فيلا للبيع
 الحي : الشفا
المساحة: 223 متر مربع

التفاصيل:

الدور الأرضي:

	•	مجلس رجال.
	•	صالة عائلية.
	•	مطبخ.
	•	مخزن.
	•	دورتا مياه.

الدور الأول:

	•	أربع غرف نوم (غرفتان ماستر مع حمام خاص).
	•	حمام إضافي يخدم باقي الغرف.

الدور الثاني:

	•	صالة واسعة.
	•	دورة مياه.
	•	سطح بإطلالة مميزة.

مميزات الموقع:

	•	قربها من طريق الملك فهد.
	•	قربها من وادي حنيفة.

للمزيد من المعلومات أو لتحديد موعد للزيارة، يرجى التواصل:",24.578191,46.71349,https://images.aqar.fm/webp/750x0/props/049536631_1775252554018.jpg,1,جواهر ال سعيد,مكتب ريحانة نجد للعقارات,1,2026-04-03,2026-06-30,2026-08-23,473,2026-08-23,True,"850,000",False,فيلا
6763931,https://sa.aqar.fm/فلل-للبيع/الرياض/جنوب-الرياض/حي-الشفا/شارع-ضياء-الخفاف-حي-الشفاء-مدينة-الرياض-منطقة-الرياض-6763931,"فيلا للبيع في شارع ضياء الخفاف, حي الشفاء, مدينة الرياض, منطقة الرياض",1100000,236,5,4,2,0,حي الشفا,الرياض,جنوب الرياض,"دور علوي فاخر للبيع | مساحة 323م²

فرصة مميزة لامتلاك دور علوي بتصميم عصري ومساحات رحبة، مع مدخل مستقل، وموقف خاص للسيارة، وخصوصية عالية، في موقع مميز قريب من جميع الخدمات.

التفاصيل:

* مجلس استقبال.
* صالة معيشة واسعة.
* مطبخ عملي.
* 3 غرف نوم.
* صالة عائلية.
* 4 دورات مياه.
* سطح واسع متعدد الاستخدامات، مثالي للجلسات الخارجية.

عقار يجمع بين جودة التصميم، وحسن استغلال المساحات، والموقع المميز، ليمنحك ولعائلتك الراحة والخصوصية",24.554788,46.688816,https://images.aqar.fm/webp/750x0/props/001369849_1783437851137.jpg | https://images.aqar.fm/webp/750x0/props/001369847_1783437847944.jpg | https://images.aqar.fm/webp/750x0/props/001369844_1783437848143.jpg | https://images.aqar.fm/webp/750x0/props/001369843_1783437848439.jpg | https://images.aqar.fm/webp/750x0/props/001369849_1783437848625.jpg | https://images.aqar.fm/webp/750x0/props/001369845_1783437848737.jpg | https://images.aqar.fm/webp/750x0/props/001369844_1783437848859.jpg | https://images.aqar.fm/webp/750x0/props/001369841_1783437848983.jpg | https://images.aqar.fm/webp/750x0/props/001369843_1783437849095.jpg | https://images.aqar.fm/webp/750x0/props/001369844_1783437849206.jpg | https://images.aqar.fm/webp/750x0/props/001369840_1783437849309.jpg | https://images.aqar.fm/webp/750x0/props/001369840_1783437849427.jpg | https://images.aqar.fm/webp/750x0/props/001369843_1783437849614.jpg | https://images.aqar.fm/webp/750x0/props/001369842_1783437849742.jpg | https://images.aqar.fm/webp/750x0/props/001369844_1783437849915.jpg | https://images.aqar.fm/webp/750x0/props/001369848_1783437850085.jpg | https://images.aqar.fm/webp/750x0/props/001369842_1783437850207.jpg | https://images.aqar.fm/webp/750x0/props/001369844_1783437850361.jpg | https://images.aqar.fm/webp/750x0/props/001369840_1783437850493.jpg | https://images.aqar.fm/webp/750x0/props/001369843_1783437850669.jpg | https://images.aqar.fm/webp/750x0/props/001369842_1783437850842.jpg | https://images.aqar.fm/webp/750x0/props/001369848_1783437850997.jpg | https://images.aqar.fm/webp/750x0/props/001369843_1783437851296.jpg | https://images.aqar.fm/webp/750x0/props/001369847_1783437851398.jpg | https://images.aqar.fm/webp/750x0/props/001369840_1783437851532.jpg | https://images.aqar.fm/webp/750x0/props/001369840_1783437851687.jpg | https://images.aqar.fm/webp/750x0/props/001369846_1783437851957.jpg,27,عبدالله راشد,شركة حاضنة المساكن العقارية,1,2026-07-07,2026-08-05,2026-08-23,519,2026-08-23,True,"1,100,000",False,فيلا
6724905,https://sa.aqar.fm/فلل-للبيع/الرياض/جنوب-الرياض/حي-الشفا/شارع-البليدة-حي-الشفاء-مدينة-الرياض-منطقة-الرياض-6724905,"فيلا للبيع في شارع البليدة, حي الشفاء, مدينة الرياض, منطقة الرياض",830000,223,5,1,0,3,حي الشفا,الرياض,جنوب الرياض,"فيلا للبيع
 الحي : الشفا
المساحة: 223 متر مربع

التفاصيل:

الدور الأرضي:

	•	مجلس رجال.
	•	صالة عائلية.
	•	مطبخ.
	•	مخزن.
	•	دورتا مياه.

الدور الأول:

	•	أربع غرف نوم (غرفتان ماستر مع حمام خاص).
	•	حمام إضافي يخدم باقي الغرف.

الدور الثاني:

	•	صالة واسعة.
	•	دورة مياه.
	•	سطح بإطلالة مميزة.

مميزات الموقع:

	•	قربها من طريق الملك فهد.
	•	قربها من وادي حنيفة.

للمزيد من المعلومات أو لتحديد موعد للزيارة، يرجى التواصل:",24.578191,46.71349,https://images.aqar.fm/webp/750x0/props/053185968_1780952718998.jpg,1,نوره البقمي,مؤسسة رعد السحاب للخدمات العقارية,1,2026-06-08,2026-08-06,2026-08-22,277,2026-08-23,True,"830,000",False,فيلا
6716577,https://sa.aqar.fm/فلل-للبيع/الرياض/جنوب-الرياض/حي-الشفا/شارع-علي-بن-خريف-حي-الشفاء-مدينة-الرياض-منطقة-الرياض-6716577,"فيلا للبيع في شارع علي بن خريف, حي الشفاء, مدينة الرياض, منطقة الرياض",1600000,450,,5,2,11,حي الشفا,الرياض,جنوب الرياض,"لتواصل مع الشعلان العقارية 0599818181 أبو نايف

فلة شمالية مجاورة لمسجدد العييد لمن يعرفه
لا تزال جميلة ومرممة ترميم طيب
العمر في الثلاثينات
شمالية شارع بن خريف
ممكن البيع مع الأثاث مع فارق السعر
صاحبها قريب من الحارة وبينتقل لفلته الجديدة الله يبارك له وبيبيع هذي
والخروج منها خلال ثلاثة أشهر إن شاء الله
سعي المكتب 5 بالمية",24.563694,46.696115,https://images.aqar.fm/webp/750x0/props/000058020_1780427462831.jpg | https://images.aqar.fm/webp/750x0/props/000058024_1780427462834.jpg | https://images.aqar.fm/webp/750x0/props/000058024_1780427462846.jpg | https://images.aqar.fm/webp/750x0/props/000058023_1780427462844.jpg | https://images.aqar.fm/webp/750x0/props/000058020_1780427462849.jpg | https://images.aqar.fm/webp/750x0/props/000058025_1780427462849.jpg | https://images.aqar.fm/webp/750x0/props/000058022_1780427462859.jpg | https://images.aqar.fm/webp/750x0/props/000058020_1780427462854.jpg | https://images.aqar.fm/webp/750x0/props/000058024_1780427462953.jpg | https://images.aqar.fm/webp/750x0/props/000058026_1780427462877.jpg | https://images.aqar.fm/webp/750x0/props/000058023_1780427462939.jpg | https://images.aqar.fm/webp/750x0/props/000058027_1780427462884.jpg | https://images.aqar.fm/webp/750x0/props/000058024_1780427462948.jpg | https://images.aqar.fm/webp/750x0/props/000058025_1780427462941.jpg,14,محمد عبدالله,مؤسسة محمد عبدالله محمد الشعلان العقارية,1,2026-06-02,2026-07-31,2026-08-15,1643,2026-08-23,True,"1,600,000",False,فيلا
6728986,https://sa.aqar.fm/فلل-للبيع/الرياض/جنوب-الرياض/حي-الشفا/شارع-البركات-بن-الخطاب-حي-الشفاء-مدينة-الرياض-منطقة-الرياض-6728986,"فيلا للبيع في شارع البركات بن الخطاب, حي الشفاء, مدينة الرياض, منطقة الرياض",1250000,200,5,0,0,0,حي الشفا,الرياض,جنوب الرياض,"فيلا دبلكس 200 غربية شارع 15 
الدور الأرضي مجلس مقلط صاله كبيره مطبخ ٢ دورة مياه 
الدور الاول ٤ غرف نوم ٢ منها ماستر 
الدور الثاني غرفة دورة مياه بالإضافة إلى غرفة غسيل + غرفة خدامة بدورة مياه + السطح",24.576835,46.709419,https://images.aqar.fm/webp/750x0/props/034300435_1781189109677.jpg | https://images.aqar.fm/webp/750x0/props/034300436_1781189109632.jpg | https://images.aqar.fm/webp/750x0/props/034300430_1781189109655.jpg | https://images.aqar.fm/webp/750x0/props/034300435_1781189109639.jpg | https://images.aqar.fm/webp/750x0/props/034300432_1781189109641.jpg | https://images.aqar.fm/webp/750x0/props/034300438_1781189109669.jpg | https://images.aqar.fm/webp/750x0/props/034300431_1781189109663.jpg | https://images.aqar.fm/webp/750x0/props/034300431_1781189109640.jpg,8,فهد عفاس مطرف ال درع,,,2026-06-11,2026-08-08,2026-08-18,340,2026-08-23,True,"1,250,000",False,فيلا
6718198,https://sa.aqar.fm/فلل-للبيع/الرياض/جنوب-الرياض/حي-الشفا/شارع-أبي-يحيى-القفصي-حي-الشفا-الرياض-منطقة-الرياض-6718198,فيلا للبيع في شارع أبي يحيى القفصي ، حي الشفا ، الرياض ، منطقة الرياض,1150000,204,5,5,2,2,حي الشفا,الرياض,جنوب الرياض,فله دبلوكس  امامها حديقه ومسجد ومواقف,24.577585,46.707947,https://images.aqar.fm/webp/750x0/props/012385259_1780524198360.jpg | https://images.aqar.fm/webp/750x0/props/012385259_1780524198474.jpg | https://images.aqar.fm/webp/750x0/props/012385258_1780524198468.jpg | https://images.aqar.fm/webp/750x0/props/012385255_1780524198391.jpg | https://images.aqar.fm/webp/750x0/props/012385252_1780524198481.jpg | https://images.aqar.fm/webp/750x0/props/012385255_1780524198477.jpg,6,هيله بنت ابراهيم حمد الحربي,,,2026-06-03,,2026-06-03,59,2026-08-23,False,طلب تسويق,False,فيلا
6718199,https://sa.aqar.fm/فلل-للبيع/الرياض/جنوب-الرياض/حي-الشفا/شارع-أبي-يحيى-القفصي-حي-الشفا-الرياض-منطقة-الرياض-6718199,فيلا للبيع في شارع أبي يحيى القفصي ، حي الشفا ، الرياض ، منطقة الرياض,1150000,204,5,5,2,2,حي الشفا,الرياض,جنوب الرياض,فله دبلوكس  امامها حديقه ومسجد ومواقف,24.577585,46.707947,https://images.aqar.fm/webp/750x0/props/012385259_1780524198360.jpg | https://images.aqar.fm/webp/750x0/props/012385259_1780524198474.jpg | https://images.aqar.fm/webp/750x0/props/012385258_1780524198468.jpg | https://images.aqar.fm/webp/750x0/props/012385255_1780524198391.jpg | https://images.aqar.fm/webp/750x0/props/012385252_1780524198481.jpg | https://images.aqar.fm/webp/750x0/props/012385255_1780524198477.jpg,6,هيله بنت ابراهيم حمد الحربي,,,2026-06-03,,2026-06-03,57,2026-08-23,False,طلب تسويق,False,فيلا
6786686,https://sa.aqar.fm/فلل-للبيع/الرياض/جنوب-الرياض/حي-الشفا/شارع-ناصر-بن-عبدالله-آل-حسين-حي-الشفاء-مدينة-الرياض-منطقة-الرياض-6786686,"فيلا للبيع في شارع ناصر بن عبدالله آل حسين, حي الشفاء, مدينة الرياض, منطقة الرياض",1700000,625,,7,4,11,حي الشفا,الرياض,جنوب الرياض,"للبيع فلتين ديبلكس قابله للتجزئه حي الشفاء زاويه موقع مميز

المساحه 625 م2

شارع 30 غربي وشارع 15 جنوبي

الطوال 25 * 25 

الفلل قابله للتجزئه

الأولى مساحتها 325 م2 زاويه شارع 30 غربي وشارع 15  جنوبي 

الثانيه مساحتها  300 م2 شارع  15  جنوبي

الفلتين نفس التصميم 

المواصفات لكل فيلا 

درج جانبي

الدور الأرضي 

مشب خارجي    

مجلس رجال مع دورة مياه

صاله طعام 

صاله 
مجلس نساء 

مطبخ

دورة مياه

الدور الاول 

جناح نوم رئيسي مكون من غرفة نوم مع غرفة طفل وغرفة ملابس
ودورة مياه 

غرفتين نوم مع دورة مياه 

صاله صغيره

جميع الخدمات متوفره وقريبه من الموقع 

البيع  1.800.000   

للاستفسار يرجى الاتصال على مكتب أبواب الوساطه العقارية

((الرقم يظهر عند الضغط على اتصال))


. 
لدينا أيضا أراضي سكنية للبيع 
أراضي تجارية للبيع 
فلل للبيع 
فلل للإيجار 
شقق تمليك للبيع 
شقق عائلية للإيجار 
شقق عزاب للإيجار 
شاليهات 

.
نستقبل عروضكم وطلباتكم في مدينة الرياض


.

للاستفسار يرجى الاتصال على مكتب أبواب الوساطه العقارية

((الرقم يظهر عند الضغط على اتصال))",24.557927,46.686443,https://images.aqar.fm/webp/750x0/props/029997966_1784789553590.jpg | https://images.aqar.fm/webp/750x0/props/029997969_1784789565802.jpg | https://images.aqar.fm/webp/750x0/props/029997961_1784789565816.jpg | https://images.aqar.fm/webp/750x0/props/029997960_1784789565817.jpg | https://images.aqar.fm/webp/750x0/props/029997960_1784789565816.jpg | https://images.aqar.fm/webp/750x0/props/029997965_1784789565813.jpg | https://images.aqar.fm/webp/750x0/props/029997967_1784789565832.jpg | https://images.aqar.fm/webp/750x0/props/029997969_1784789565830.jpg | https://images.aqar.fm/webp/750x0/props/029997964_1784789565829.jpg | https://images.aqar.fm/webp/750x0/props/029997960_1784789565834.jpg | https://images.aqar.fm/webp/750x0/props/029997960_1784789565833.jpg | https://images.aqar.fm/webp/750x0/props/029997967_1784789565830.jpg | https://images.aqar.fm/webp/750x0/props/029997960_1784789565860.jpg | https://images.aqar.fm/webp/750x0/props/029997962_1784789565884.jpg | https://images.aqar.fm/webp/750x0/props/029997961_1784789565882.jpg | https://images.aqar.fm/webp/750x0/props/029997964_1784789565898.jpg | https://images.aqar.fm/webp/750x0/props/029997967_1784789565901.jpg | https://images.aqar.fm/webp/750x0/props/029997964_1784789565904.jpg | https://images.aqar.fm/webp/750x0/props/029997965_1784789565915.jpg | https://images.aqar.fm/webp/750x0/props/029997962_1784789565934.jpg | https://images.aqar.fm/webp/750x0/props/029997969_1784789565913.jpg | https://images.aqar.fm/webp/750x0/props/029997969_1784789565929.jpg | https://images.aqar.fm/webp/750x0/props/029997962_1784789565933.jpg | https://images.aqar.fm/webp/750x0/props/029997966_1784789565984.jpg | https://images.aqar.fm/webp/750x0/props/029997962_1784789565989.jpg,25,شيماء عبدالعزيز,مكتب أبواب الوساطه العقارية,1,2026-07-23,2026-07-23,2026-08-23,571,2026-08-23,True,"1,700,000",False,فيلا
6837867,https://sa.aqar.fm/فلل-للبيع/الرياض/جنوب-الرياض/حي-الشفا/شارع-عبدالجبار-بن-أبي-ذر-حي-الشفاء-مدينة-الرياض-منطقة-الرياض-6837867,"فيلا للبيع في شارع عبدالجبار بن أبي ذر, حي الشفاء, مدينة الرياض, منطقة الرياض",2200000,750,,0,0,11,حي الشفا,الرياض,جنوب الرياض,,24.558452,46.700067,https://images.aqar.fm/webp/750x0/props/003465099_1787514768707.jpg | https://images.aqar.fm/webp/750x0/props/003465096_1787514768679.jpg | https://images.aqar.fm/webp/750x0/props/003465093_1787514768661.jpg | https://images.aqar.fm/webp/750x0/props/003465095_1787514768709.jpg | https://images.aqar.fm/webp/750x0/props/003465097_1787514768554.jpg | https://images.aqar.fm/webp/750x0/props/003465096_1787514768707.jpg,6,راشد التميمي,مؤسسة مكتب مدار التميز للعقارات,1,2026-08-23,2026-08-23,2026-08-23,32,2026-08-24,True,"2,200,000",False,فيلا
